,intasconstantprobabilityoverfreshlyinfected,intasrelativeprobabilityoverfreshlyinfected,intasrelativeprobabilityovertotalinfected,intasrelativeprobability,intasconstantprobabilityovertotalinfected,intasfractinfectednbrs,constasavgnx,intasnumofinfectednbrsnormalized,constasnx,intasconstantprobability,fractbyrand,constasmaxnx
0,0.0002186832429541937,0.0020033380595592338,0.0037843790461028126,0.007885983792565464,0.005292291284832481,0.01089718095298613,0.01581722667175913,0.020572008528554668,0.0854133806048631,0.1264457962086824,0.20067300112894815,0.5209967304781921
1,0.000582857901784296,0.0021342510085615154,0.0038517539953618805,0.004936655713678579,0.011111771101771053,0.010778458419161994,0.016598324563564186,0.014975993104416689,0.08746763644222291,0.12639390875176226,0.2001170554890799,0.5210513335086346
2,0.0007976155251981752,0.002026347967123321,0.0037843790461022293,0.00764904476608947,0.005195045660541484,0.010744535052089254,0.014783774324183287,0.014975993104419726,0.0926102580013329,0.12644579620867036,0.2012928983260649,0.5196943120181848
3,0.0006078696568229553,0.002134251008559786,0.0038463528285658578,0.004928263035188666,0.005236819531382129,0.010786522404139832,0.017611337581081632,0.020572008528554824,0.08534258014092148,0.12639390875175466,0.20043538949625306,0.5221046970367751
4,0.0002642433540381924,0.0021342510085610765,0.003846681522079068,0.007862973885001378,0.005297692451629306,0.010887482007109784,0.01583330833256759,0.020572008528559494,0.0925396787166279,0.12644579620869437,0.1946242875404566,0.5196915964446752
5,0.0003330676176623126,0.002003338059559513,0.0019617543759977113,0.007885983792565525,0.005292291284832448,0.010781724242510114,0.022468042397855152,0.01497599310441646,0.08679119862239273,0.12639390875175394,0.2003131347471938,0.5207995630032605
6,0.000660170805514891,0.0020033380595600968,0.0038466815220786622,0.007560273373441113,0.005069533878337751,0.010881379642128692,0.021844896641351298,0.02057200852855686,0.08548614425891408,0.12639390875174902,0.19463033102973457,0.521051333508633
7,0.00043890051934933176,0.0020033380595589952,0.0038466815220788196,0.007862973885001918,0.005362331313585901,0.010783488448377612,0.020542822266338398,0.014975993104417929,0.08548852631690963,0.12644579620868715,0.20125241787750617,0.5209967304781882
8,0.0006053181171157012,0.002026347967123784,0.003846681522078304,0.005025098412812903,0.01124268405077167,0.010764624813939283,0.017626893875022424,0.02057200852855418,0.08655178755884953,0.1263939087517579,0.19454508339871276,0.5207995630032615
9,0.00028198998931984167,0.002134251008560519,0.0038621448113369317,0.007805605078407657,0.00523141836458506,0.01087941802213481,0.01486411059427049,0.02057200852856066,0.09131030126935982,0.12639390875174236,0.19561622564660525,0.5210486179351166
10,0.0006692249931252507,0.002003338059559145,0.003856743644540303,0.007560602066954794,0.005362331313585917,0.010752599037066983,0.01858122405297963,0.02057200852855948,0.08876922461603964,0.1263939087517604,0.19573531103421907,0.5197434839016094
11,0.0005678911810665364,0.002003338059559555,0.0019614256824836197,0.005150584832591889,0.010883612528479495,0.010780420039158295,0.02053966020518937,0.020572008528555036,0.08532122908796928,0.12644579620867585,0.1947773031680805,0.5209967304781905
12,0.0008334766904070179,0.0021342510085615818,0.0038567436445406168,0.007649044766087584,0.005064132711540773,0.010750637417070826,0.020556168819831286,0.020572008528557673,0.08550092811156432,0.12644579620869278,0.19458671808681718,0.5220500940063284
13,0.0006303298721539417,0.0021572609161231862,0.0037843790461031747,0.004936327020165048,0.005231418364585169,0.010755998203832053,0.023261976094946322,0.014975993104418227,0.08541462943806438,0.12644579620868276,0.20140916125273697,0.5209967304781886
14,0.00022474810342288702,0.0020263479671226133,0.0038520826888755835,0.007862973885002953,0.011111771101770985,0.01089051596287335,0.013892419884743561,0.020572008528556396,0.08746538850884966,0.12639390875175008,0.19465650110839502,0.5210513335086369
15,0.0006668357956275967,0.002026347967122518,0.0038621448113380693,0.004936655713679707,0.010883612528479377,0.01088245197789507,0.016616002220649448,0.014975993104415114,0.08869484562615289,0.12644579620867258,0.20031500202777486,0.5196943120181928
16,0.0004498757720080964,0.0020033380595595443,0.002018326991662996,0.005239356225239879,0.005069533878337818,0.010891770458103125,0.023099836199895016,0.014975993104416318,0.08747209231111218,0.12644579620868773,0.20028398678464898,0.5220500940063283
17,0.0006223582302428785,0.002134251008560062,0.0038466815220785473,0.00768011865862943,0.010949886615523775,0.010861953382559571,0.014786710945790793,0.014975993104415641,0.08549625091805911,0.12644579620866736,0.20014990539914387,0.5220500940063288
18,0.0005081971525482597,0.0021342510085613723,0.0037894515193859337,0.005142520847614837,0.005064132711540809,0.01087168678189265,0.016515499034002065,0.020572008528557457,0.09459211780317257,0.12639390875175482,0.19467274195936526,0.5197434839016041
19,0.0003939405379099308,0.002003338059559544,0.0037840503525897046,0.007871366563492709,0.005362331313585816,0.010787085029270742,0.01273785195854731,0.02057200852855748,0.08877689828870419,0.12639390875175052,0.20052037318628574,0.5207968474297464
20,0.0004498757720081349,0.0020033380595592732,0.003784050352589479,0.005142520847615928,0.005069533878337773,0.01090649943319288,0.016654621175722594,0.014975993104414496,0.08853565014740723,0.1264457962086742,0.20634052457580715,0.5196915964446709
21,0.0008176814651885728,0.0020033380595600022,0.0037840503525897874,0.005017363121348848,0.005064132711540771,0.010788484024133299,0.01750480538544259,0.02057200852855758,0.086708161938552,0.12639390875175752,0.20160258175972376,0.5197434839016052
22,0.0005927852225160903,0.002134251008559377,0.0038517539953621207,0.007894376471056714,0.005064132711540785,0.010742573432094454,0.019735725511106868,0.014975993104416704,0.08730053801782652,0.12644579620868782,0.20026534383863984,0.5209967304781927
23,0.00024054332864143776,0.0020033380595603613,0.001956353209200612,0.007797212399917422,0.005292291284832312,0.010871686781891123,0.021674166722439478,0.020572008528558377,0.08869756119966152,0.1263939087517516,0.19475744583193758,0.5197434839016082
24,0.0007842541260978911,0.0020033380595597147,0.0038520826888757496,0.0050481083203775656,0.005064132711540863,0.010775424463400603,0.01871623358009231,0.020572008528556524,0.08524809893128465,0.12639390875176043,0.2004937919033312,0.5210486179351227
25,0.0005703250071853566,0.002003338059559912,0.003784050352589521,0.007782266477331227,0.011019926644277108,0.010766995267420696,0.01594350212202447,0.020572008528553516,0.0854137884073182,0.12644579620868424,0.19470127244686658,0.5209967304781893
26,0.0005317802734419398,0.0020263479671224667,0.0038466815220782992,0.007560273373442046,0.011181811130524407,0.01088137964212892,0.014828349450668844,0.020572008528561073,0.08550496778801171,0.12639390875176257,0.19562387363713843,0.5210486179351193
27,0.00036522677886826254,0.0020033380595602538,0.003784050352588817,0.005173594740154897,0.0054286054006301935,0.010744535052089615,0.015480654822343233,0.014975993104416878,0.0932822065545403,0.12644579620868995,0.20026590491979132,0.5220500940063263
28,0.00041883457935918073,0.0020263479671223717,0.003794441168564279,0.0052393562252408595,0.005362331313585875,0.010742573432094416,0.021191942675531282,0.020572008528553218,0.08877450193919353,0.12639390875175488,0.19574026951739315,0.5197434839016067
29,0.0006431306923877843,0.002026347967123106,0.0038624735048509986,0.007649044766089394,0.005362331313585927,0.010771698637538149,0.014649052064004919,0.014975993104412812,0.09260773900056465,0.12644579620868618,0.20026143276793862,0.5207449599728174
30,0.0007221262714613905,0.002003338059560297,0.003784050352589708,0.007672054673651232,0.005200446827338589,0.010856957806801763,0.014643317524843352,0.020572008528556698,0.08679712464910327,0.12644579620869045,0.20055781912458814,0.520744959972815
31,0.0003853687663545226,0.0020263479671223674,0.003846352828564756,0.00787103786997933,0.005261319747585922,0.010879418022133982,0.015996602166663314,0.014975993104414827,0.09107424373833459,0.1264457962087017,0.20024078910195808,0.5209967304781866
32,0.00039382282432085105,0.002134251008560786,0.0038517539953625626,0.005231292240263546,0.0052922912848322136,0.010750637417069588,0.017327255698997106,0.020572008528559876,0.08550534516830126,0.12644579620869165,0.2014988151468507,0.5209967304781898
33,0.0005384452635547792,0.0020263479671218804,0.003851753995362345,0.007657108751066244,0.00523141836458503,0.010879418022133337,0.01591255563673168,0.020572008528557083,0.09123055566990203,0.1263939087517666,0.19465514554058522,0.5210513335086339
34,0.0006606532215701759,0.0020263479671230504,0.001961754375997079,0.00492826303518819,0.005125005631788039,0.010856957806803154,0.017370427401829307,0.02057200852855778,0.09313208399167483,0.12644579620868726,0.1948706078244538,0.5220500940063274
35,0.0006431306923876563,0.0020033380595602425,0.0037998423353605,0.007583611974517912,0.005231418364585024,0.010776131588165006,0.01284980299741739,0.0205720085285556,0.09452268968463423,0.12639390875174508,0.19482726959332738,0.5207968474297439
36,0.0005027870968248472,0.0020033380595596566,0.0020344476679475558,0.00515025613907872,0.005125005631788058,0.010771698637538848,0.02049542752952142,0.020572008528556493,0.08664334856538952,0.12644579620868807,0.20056428949042812,0.5196915964446785
37,0.0006381930062390171,0.0021342510085608246,0.0038001710288746793,0.007583283281003965,0.010944485448726726,0.010889443627104638,0.014031082369535736,0.014975993104415686,0.08853638276655915,0.12644579620866384,0.20032660613212705,0.5196943120181887
38,0.0006083520728776846,0.002134251008559671,0.0037897802128995873,0.005025098412814634,0.005292291284832406,0.010752964248069579,0.015581556783672044,0.020572008528556885,0.09313770578449546,0.12644579620868002,0.1956607494028373,0.5209994460517048
39,0.0006454581259955509,0.0020033380595598496,0.0038567436445396523,0.007649373459603197,0.005125005631788009,0.010881379642128835,0.018749635671490093,0.014975993104412747,0.08730057682997876,0.12644579620867338,0.20136996914364064,0.5209967304781893
40,0.0002795561632016086,0.002134251008560593,0.002023728158459491,0.007774202492354757,0.005231418364585018,0.010892842793871175,0.017703164145473047,0.02057200852855327,0.091317802889916,0.12644579620867794,0.1946284987681543,0.5209967304781928
41,0.0007786686306284408,0.0020033380595582653,0.0020183269916626903,0.005048437013890597,0.011075398397727226,0.010754925868065623,0.02026141288387391,0.014975993104410954,0.08548387910363246,0.12644579620865684,0.20015709325970335,0.5209967304781896
42,0.0007184921860550009,0.0020033380595592984,0.0037894515193857576,0.007657108751065757,0.005064132711540698,0.010859991762565547,0.018731337151641568,0.014975993104416958,0.08854105996007072,0.12644579620868765,0.201521702140336,0.519691596444675
43,0.0003549277033493928,0.002157260916123101,0.002023728158460401,0.0052312922402641135,0.0052922912848324035,0.010745607387856362,0.026105618160067193,0.014975993104408785,0.08549249072362215,0.12644579620868576,0.20017554806062612,0.5209994460517042
44,0.00039805398831534443,0.0020033380595586223,0.003784050352589397,0.0077742024923553,0.0054232042338330155,0.010754925868064999,0.015033800038855011,0.014975993104418666,0.08655708870403675,0.12644579620866808,0.20715523493111826,0.5196943120181865
45,0.0005250443136767184,0.00202634796712241,0.003784379046102874,0.005017034427836626,0.005231418364585147,0.010865021791778711,0.016476106713670606,0.020572008528554314,0.09320659084778277,0.12639390875174897,0.1948535213120182,0.5210486179351226
46,0.0006607709351589975,0.002003338059559938,0.0020344476679477275,0.005025098412812395,0.005195045660541486,0.010881379642130132,0.022983367237753467,0.02057200852855795,0.08869896385674132,0.12639390875175743,0.1958081873454352,0.519743483901604
47,0.0004516617888056325,0.0020033380595609195,0.0037840503525898854,0.007871037869978227,0.0052368195313820445,0.01075962923818089,0.013068813325112165,0.014975993104417535,0.08723297784192946,0.12644579620868487,0.2061197886730334,0.522050094006325
48,0.0003044502046510076,0.0021572609161235583,0.0037947698620773617,0.00786297388500216,0.005231418364585001,0.010873648401886024,0.014738304532972358,0.014975993104416867,0.08679281507412037,0.1263939087517531,0.20607489389915515,0.5207995630032569
49,0.00026060926863168664,0.0021572609161237617,0.0038570723380537335,0.00523902753172692,0.005297692451629273,0.010882451977894492,0.02134033758233083,0.014975993104411882,0.08722654536293008,0.12644579620869117,0.2002644036777305,0.5220528095798456
50,0.0005822577721403753,0.0021342510085598084,0.0038621448113372535,0.005017034427837123,0.0052922912848324625,0.01076699526742095,0.017448319418913758,0.020572008528554023,0.08680116432554529,0.12644579620868274,0.20138342492798614,0.5196943120181899
51,0.000490333612763322,0.002003338059559168,0.003789451519386044,0.005025098412813797,0.0054232042338332115,0.010870382578541183,0.016406770240718432,0.014975993104412727,0.08747363773867183,0.12644579620867202,0.2060965482389226,0.5209994460517056
52,0.00040060552802225445,0.002003338059559776,0.0037843790461024006,0.007782266477331222,0.005236819531382041,0.010777386083395733,0.012861745207665556,0.02057200852855148,0.08739265103140363,0.1264457962086898,0.2006901947180511,0.5220528095798451
53,0.0005287463176795881,0.0020033380595594085,0.0037843790461027206,0.0049593369277288815,0.005231418364585054,0.01087941802213452,0.016563784420328444,0.02057200852855973,0.09321585639969002,0.12644579620868457,0.1948191872267563,0.5209967304781907
54,0.0007568085449414798,0.002134251008560866,0.0037944411685641903,0.00493665571367866,0.00513040679858512,0.010768067603187024,0.017401133924392728,0.02057200852856038,0.08679678160306288,0.12644579620869123,0.2005186889249611,0.5207449599728143
55,0.0005001502722272777,0.0020033380595598964,0.0038567436445402473,0.007657108751065262,0.011181811130524412,0.010882451977895525,0.014704874190898273,0.020572008528557294,0.08679769790353302,0.1264457962086799,0.19465034378619225,0.5207476755463265
56,0.0003683286532268818,0.002003338059559612,0.003846352828565182,0.007797541093431298,0.0054286054006301146,0.01077669421329601,0.01978051899823653,0.020572008528558214,0.08853885083884148,0.1263939087517575,0.19475036873228888,0.5197434839016083
57,0.0006357591801207164,0.002003338059558797,0.003794441168564286,0.0049282630351892105,0.005125005631788159,0.010897180952986042,0.024265353675179558,0.014975993104420732,0.0854942481313417,0.12644579620869098,0.20043789037397167,0.5209967304781881
58,0.00031541732841042225,0.002003338059559659,0.0037998423353610552,0.005142192154102046,0.0053623313135857725,0.010889443627105698,0.015550020785621291,0.020572008528559622,0.08747389158414996,0.12639390875177037,0.20144898759665383,0.5210486179351201
59,0.0006582193954517437,0.0020033380595595673,0.0037840503525895064,0.007672054673652315,0.005255918580788743,0.01088207759786666,0.0157052161971481,0.02057200852855418,0.08671748332617438,0.12639390875173306,0.20061224063487285,0.5197434839016088
60,0.000614534646934941,0.002134251008561042,0.003846352828566149,0.007560273373441012,0.0052314183645850755,0.01078652240413909,0.019804198347009146,0.01497599310441149,0.08747269456298601,0.12639390875175716,0.20012851909897142,0.5210513335086374
61,0.000717316345382187,0.002003338059559372,0.003784050352588727,0.004936655713679689,0.01094448544872655,0.010775424463400882,0.016654495052936875,0.02057200852855328,0.08870799591473566,0.12644579620868018,0.19476412189356662,0.5196943120181898
62,0.0003409114995038714,0.002026347967122485,0.0037840503525893533,0.007774531185868307,0.00523681953138215,0.01086931024277274,0.013006551738244474,0.014975993104416349,0.08854221511591484,0.12644579620867652,0.20625251308069678,0.5207449599728122
63,0.000610303482940767,0.002026347967122374,0.0038570723380535635,0.004928263035188738,0.005367732480382855,0.010775059252398127,0.01759372884031675,0.014975993104413464,0.09245299304645614,0.12639390875174003,0.20021903469772662,0.5207995630032607
64,0.0005683735971217937,0.0021572609161236494,0.0037894515193863834,0.007862973885002403,0.005125005631788072,0.010752964248069862,0.018518785016995373,0.020572008528559154,0.08884902064638951,0.12644579620869956,0.19566676335718663,0.5196915964446778
65,0.0004158006235968702,0.00202634796712277,0.0037998423353611415,0.0052312922402635905,0.005362331313585789,0.010742573432093824,0.021254232476050853,0.020572008528559334,0.08877337060538415,0.1264457962086921,0.19463144429648221,0.5207449599728073
66,0.00045035513700722934,0.0020033380595603917,0.003862144811337691,0.007863302578515094,0.005125005631788091,0.010859991762564037,0.012744406281887671,0.01497599310441904,0.09328748387769158,0.12644579620869656,0.20033208854020687,0.5220500940063258
67,0.00022534823306679714,0.002157260916123756,0.0037894515193871723,0.007862973885001893,0.00529229128483241,0.01089480441386511,0.020541748784505074,0.014975993104415851,0.08671383744486363,0.1263939087517594,0.20140889776057136,0.5197434839016075
68,0.00036832865322733313,0.0020033380595587172,0.0020183269916633217,0.005142192154102271,0.005428605400630001,0.010774732593300817,0.0194132747204093,0.020572008528559026,0.09123244422936044,0.1264457962086889,0.19455085845417516,0.5220500940063247
69,0.0008334766904071526,0.00213425100855977,0.003856743644539973,0.007657437444580364,0.0050695338783378055,0.010747569007852302,0.012949194521892606,0.020572008528556854,0.08730904109311696,0.1264457962086892,0.20142821749527592,0.520996730478191
70,0.0005250443136768322,0.0021342510085598093,0.0019560245156867036,0.00504004433540007,0.011056299348320591,0.010858919426797457,0.019317274215454826,0.014975993104414633,0.08540931853111416,0.12644579620868215,0.2012843045137056,0.5209967304781871
71,0.0006217581005987452,0.002003338059560131,0.002034118974434198,0.007649373459601188,0.00512500563178816,0.01086195338255982,0.022467824037211797,0.014975993104420358,0.08549154542570914,0.12639390875175952,0.20027319960909726,0.5221019814632597
72,0.0005258474417998755,0.002134251008560953,0.001966415331662107,0.00523902753172684,0.0051304067985850944,0.010751200042201842,0.019176788964203086,0.0205720085285561,0.0868012524620637,0.12639390875174114,0.20156540923729094,0.5197434839016084
73,0.0004158006235965432,0.002134251008560855,0.0020344476679476347,0.005150256139078879,0.005231418364585054,0.010745607387856189,0.026201148861537727,0.014975993104420307,0.08549994400150679,0.1264457962086849,0.2001686061540366,0.5209967304781886
74,0.0005642601467160899,0.0020033380595597273,0.0019560245156864547,0.0077745311858680105,0.005200446827338611,0.010784051073508317,0.014713689999525673,0.014975993104415096,0.0946665538334505,0.12639390875176337,0.20017035507242284,0.5207968474297454
75,0.0006607709351589884,0.0020033380595591,0.0037840503525893815,0.004936655713679473,0.005064132711540837,0.01088245197789603,0.0165878880138817,0.014975993104414451,0.08869989416453461,0.12639390875176604,0.206267432313373,0.5197434839016064
76,0.0004392773519800816,0.002157260916123743,0.0038621448113373724,0.005025098412813476,0.00529229128483248,0.010879418022133432,0.016580207916523322,0.014975993104417492,0.08869407117860244,0.1263939087517496,0.20595684434788086,0.5197434839016056
77,0.00033787754374171674,0.0021342510085600452,0.0038466815220787984,0.007862973885003045,0.005236819531382001,0.010876682357649138,0.01276706426592373,0.014975993104415164,0.08739164969943701,0.12644579620868768,0.20607411686679217,0.5220500940063296
78,0.0005100522165816966,0.0021342510085596484,0.0037843790461023273,0.005165202061664671,0.005130406798585025,0.010783488448377726,0.018625982132542806,0.020572008528557888,0.09253797946519386,0.12644579620870047,0.1946161420669472,0.5196943120181868
79,0.0008334766904071174,0.002003338059559817,0.0038463528285651886,0.005040044335399886,0.011014525477480039,0.01074756900785223,0.01554093017775106,0.014975993104413608,0.08854230014740445,0.1264457962086601,0.20026471398969342,0.520744959972813
80,0.0005051631967859673,0.002026347967122457,0.0020237281584592932,0.005142520847615896,0.005064132711540709,0.010859991762565127,0.01832356747026686,0.020572008528557006,0.09322067242695609,0.12644579620869534,0.19481934024324712,0.5209967304781881
81,0.0005463966069312689,0.002003338059559714,0.003784050352589195,0.004951601636265111,0.00542860540063026,0.010779762622515796,0.016477896483090074,0.0205720085285574,0.0945889010057266,0.12639390875173426,0.19473004665079574,0.5197434839016044
82,0.00035492770334949757,0.0020033380595592155,0.0037843790461024964,0.007782266477331523,0.011117172268567977,0.01075423399796509,0.015998456707323146,0.020572008528559796,0.0853298309462009,0.12644579620868152,0.19486085957817004,0.5209967304781888
83,0.00028562102367013726,0.0020033380595593227,0.0038463528285653205,0.005142192154102309,0.005362331313585729,0.010889443627105526,0.01760956482293171,0.014975993104417735,0.08671173699111111,0.1263939087517404,0.20703331784809068,0.5197461994751201
84,0.00039334040826540575,0.0020263479671235223,0.00378945151938661,0.007774531185867393,0.005231418364585131,0.010792115058484366,0.018606601266842146,0.02057200852855335,0.08885475957426536,0.12644579620868224,0.19582203347326918,0.5196915964446752
85,0.0008134503011941088,0.002003338059559456,0.0037843790461030173,0.007560273373441274,0.010889013695276261,0.010773097632402714,0.014890722339854928,0.014975993104417043,0.08542604689141842,0.1263939087517556,0.20038779534131637,0.5221019814632608
86,0.0007367426049509479,0.002003338059559694,0.0038621448113369114,0.007568666051931853,0.005255918580788774,0.010745607387857395,0.015852932122576626,0.014975993104417749,0.08557378943265903,0.1264457962086866,0.20597962558353178,0.5209994460517026
87,0.00044927564236421565,0.0020033380595590178,0.0037998423353613575,0.007871366563492613,0.005064132711540715,0.010886083012246497,0.014977970867380683,0.020572008528556774,0.09245099025973463,0.12644579620869617,0.1947342358382528,0.5207449599728144
88,0.000568856822262472,0.00200333805956037,0.00378437904610251,0.004959336927727738,0.011117172268568041,0.010759629238182487,0.01542193239316067,0.020572008528558425,0.08869756119966553,0.12639390875173862,0.1949250293347239,0.5207968474297493
89,0.0003963743640278047,0.002134251008561374,0.0019614256824839076,0.007894047777541735,0.005231418364585071,0.01077542446340048,0.022548060116045612,0.014975993104416172,0.08534207891698438,0.12644579620868887,0.20024503598693755,0.522050094006327
90,0.0004997531410624952,0.0020263479671226627,0.0020240568519732556,0.00787103786997822,0.005125005631788032,0.01078042003915826,0.016791627977260245,0.020572008528555966,0.0911488903251419,0.12644579620868412,0.19466496145294526,0.5220500940063296
91,0.0004036394837844652,0.0021342510085616806,0.0038570723380544686,0.007862973885001632,0.005236819531382135,0.010766995267420053,0.01286028160423953,0.014975993104411063,0.08738415992996536,0.12644579620867472,0.20602192363217325,0.5220500940063317
92,0.0004550725771986339,0.0020033380595592155,0.0038463528285652476,0.004928591728702787,0.011111771101770735,0.010859991762564483,0.015488741582423695,0.014975993104413637,0.08870260973804919,0.12644579620869095,0.20149014486338682,0.5196915964446746
93,0.000461960864324584,0.002003338059559868,0.003846352828564419,0.007863302578515126,0.005362331313585873,0.010742573432094994,0.01390169513838461,0.014975993104408105,0.09328158260286036,0.12639390875173503,0.2001183433908448,0.5210486179351222
94,0.0006606532215703709,0.002134251008560704,0.0037944411685642706,0.0050254271063258325,0.005130406798584986,0.010863622796916203,0.01730103835405825,0.020572008528556018,0.09268805359953806,0.12639390875174566,0.1956927047639708,0.5197434839016088
95,0.0006195475714940243,0.0020263479671219016,0.003856743644540424,0.007774531185868915,0.005195045660541538,0.010742573432094298,0.014828582801424413,0.014975993104417488,0.08549832307297796,0.12644579620867624,0.20598642134451378,0.5220500940063291
96,0.00022534823306687193,0.0020033380595596987,0.0038621448113376616,0.007797212399918803,0.005292291284832255,0.01089247758286757,0.013047829060364073,0.01497599310441022,0.08868490911877273,0.12644579620867388,0.20708106369151683,0.5196915964446795
97,0.0006856649766082583,0.0020033380595603895,0.003862473504850404,0.007583283281003597,0.00519504566054156,0.010873648401887098,0.014961818523672284,0.0205720085285551,0.09115124786250169,0.12644579620868793,0.19566894451394304,0.5209967304781886
98,0.0005970873561630381,0.0020263479671228123,0.0037840503525893706,0.005142192154102846,0.005069533878337814,0.010771698637538102,0.016666041632058055,0.020572008528558488,0.08853209558887844,0.12639390875176704,0.20070155125127567,0.5197434839016082
99,0.0005964872265187099,0.0020033380595601605,0.003852082688875282,0.005230963546749922,0.01088361252847936,0.010776694213295463,0.017409169527789897,0.02057200852856075,0.08671993876291469,0.1264457962086825,0.19476494873576078,0.5207449599728124
100,0.0003579616591118454,0.0020033380595592975,0.0037840503525900173,0.0052309635467502145,0.005423204233833171,0.010744535052089364,0.01647634362547637,0.014975993104412989,0.09321390976980881,0.12639390875176218,0.20034717390948242,0.5210486179351234
101,0.0008000493513167404,0.002003338059559145,0.0038621448113366264,0.004928591728703448,0.005195045660541416,0.010744535052090954,0.015560841852291308,0.014975993104413578,0.08869684841287474,0.12639390875176518,0.2060391402118448,0.5207995630032622
102,0.0006642842559204119,0.0020033380595594506,0.0038624735048501118,0.005040044335400396,0.005255918580788853,0.010865021791779126,0.01562408907968096,0.020572008528556774,0.0931172172297572,0.12644579620868907,0.1955530779468279,0.5209967304781897
103,0.0004326123618673397,0.002134251008560651,0.0038567436445409204,0.007649373459601729,0.005297692451629394,0.010894146997222067,0.020629534042658108,0.02057200852855846,0.08679948218646073,0.12639390875175502,0.19454339913740018,0.5207968474297455
104,0.0005469967365754125,0.002134251008561724,0.0037840503525897458,0.004951601636265495,0.005292291284832362,0.010775424463398598,0.018487976416590057,0.02057200852855499,0.09262200563284186,0.12644579620868587,0.1946932857129146,0.5196943120181894
105,0.0005000325586383417,0.0020033380595591054,0.003794441168564546,0.004951601636265663,0.005297692451629297,0.010858919426797781,0.016549833119251945,0.02057200852855572,0.08739485039087237,0.12639390875176593,0.200634755972979,0.5210486179351204
106,0.0006826310208460541,0.0021342510085604984,0.002028717807637375,0.005025427106326778,0.005069533878337698,0.010861953382560383,0.019156823605972373,0.02057200852855651,0.09131541008736567,0.1263939087517557,0.19465735335882128,0.5221019814632597
107,0.0006357591801206942,0.0020033380595589558,0.003856743644539647,0.005048108320378237,0.011075398397727452,0.010889116968008665,0.01557794985628698,0.020572008528556927,0.08730255344008969,0.12639390875175519,0.1945431333897166,0.522101981463261
108,0.000508197152548396,0.0021342510085599043,0.003784050352590225,0.007886312486078694,0.005064132711540704,0.010858919426797353,0.01876271875157432,0.01497599310441584,0.08730995739360677,0.12644579620867108,0.20127294092542733,0.5209967304781895
109,0.000279438449612591,0.002003338059560052,0.003846352828565994,0.005231292240262792,0.011111771101770852,0.010856957806799877,0.017458803370257618,0.020572008528560178,0.08672474844593661,0.12639390875176107,0.1947245329871673,0.520796847429745
110,0.0005003532707066375,0.0020033380595605174,0.0038001710288746763,0.007782266477331643,0.005255918580788831,0.01077366025753312,0.013936660479729109,0.020572008528553332,0.09458902484936953,0.1264457962086672,0.1946464902406942,0.5196943120181912
111,0.0003148171987666738,0.0020033380595600617,0.003846352828565324,0.00786297388500152,0.005362331313585798,0.010896108617217322,0.01473981140877958,0.0205720085285562,0.09131889895852963,0.12644579620869606,0.19458746898641596,0.5220500940063257
112,0.0003409114995040155,0.0020033380595592906,0.003784050352588997,0.005142520847616257,0.011187212297321381,0.010869310242773472,0.017451751184748194,0.02057200852855292,0.08549625091806055,0.1264457962086883,0.19571011938239807,0.5209967304781884
113,0.0007976155251980595,0.002134251008560274,0.0037843790461031227,0.005048108320377746,0.010889013695276287,0.010751200042201408,0.015644367298553542,0.020572008528557246,0.08722239937358325,0.1264457962086838,0.195714130474717,0.5209967304781882
114,0.00047453838754484007,0.002003338059560525,0.0038520826888756134,0.005017034427836166,0.005292291284832365,0.010881379642127537,0.01833171035688167,0.020572008528554023,0.09130167465925632,0.12639390875173478,0.19483141527767622,0.5210486179351199
115,0.00024114345828538672,0.00202634796712317,0.0038517539953614737,0.005142192154102009,0.01124268405077162,0.010863622796914541,0.015464922649068213,0.01497599310441816,0.0886986453313372,0.12644579620868035,0.20030193831112741,0.5207449599728105
116,0.0004392773519800694,0.002003338059559518,0.0019560245156866924,0.0049366557136793715,0.005423204233833088,0.010894804413866685,0.023281545676619053,0.020572008528555268,0.0873915496778257,0.12644579620865998,0.19460570161340474,0.5220500940063297
117,0.0007726037701599107,0.0020263479671234247,0.003862144811336691,0.0075602733734411705,0.005255918580788742,0.010760336362946448,0.012844401830618985,0.020572008528559418,0.08746478837920245,0.12644579620869476,0.20143593413542507,0.5209994460517029
118,0.0006607709351591338,0.0020033380595592975,0.001971816498458615,0.005017363121350219,0.005064132711540708,0.010890515962873918,0.024152797187889298,0.014975993104414624,0.08755223586430463,0.12644579620870028,0.2002685098675588,0.5209967304781906
119,0.000443690146894679,0.0020033380595585702,0.003794441168563281,0.007797541093430975,0.01108079956452441,0.010866983411775926,0.01472972170645684,0.020572008528554495,0.08679948006423413,0.12644579620866567,0.19472124007452574,0.5207449599728151
120,0.000418834579359126,0.0020033380595588855,0.0038517539953618887,0.005165202061666327,0.0053623313135857205,0.010759264027178948,0.022518348658440594,0.020572008528559723,0.08861263293720731,0.1263939087517612,0.1945988931857147,0.5197434839016056
121,0.0006826310208460897,0.0020033380595598288,0.0038463528285653296,0.007657108751065388,0.010889013695276291,0.010863622796914224,0.014699921408188509,0.014975993104414814,0.08672180036130535,0.1263939087517474,0.2015228253205109,0.5197434839016057
122,0.0005362144359153752,0.002157260916123199,0.0037944411685650703,0.005142192154102448,0.005125005631787993,0.010784758198271223,0.02322339935622319,0.01497599310441775,0.08556077797783447,0.1264457962086735,0.20125471479638157,0.5209994460517043
123,0.00021808311331019013,0.002003338059559849,0.0038466815220784727,0.005150256139079555,0.011117172268567779,0.010898435448215832,0.015725925694071833,0.014975993104413056,0.08860100984794678,0.126393908751743,0.20132299657589206,0.5197461994751216
124,0.00044369014689458325,0.002026347967122908,0.002023728158459417,0.005142520847615345,0.005255918580789012,0.010867348622777828,0.017517301634309694,0.020572008528555015,0.09443880226489312,0.12644579620870045,0.19452157706706663,0.520744959972816
125,0.0005362144359155642,0.002003338059559328,0.003851753995362513,0.005150256139079244,0.005125005631788096,0.01078208945351414,0.021344616780877085,0.014975993104416562,0.08876712180771135,0.1264457962086861,0.20132350236489918,0.519694312018191
126,0.0004959191082329899,0.0020033380595599064,0.0020237281584601875,0.007583283281004108,0.01118181113052432,0.010904537813198105,0.016792544943971713,0.014975993104418536,0.08533271334346847,0.1263939087517536,0.20126360437028937,0.5210486179351188
127,0.0008067143414290297,0.002134251008560131,0.003862473504850513,0.007672054673653197,0.010883612528479305,0.010744535052089423,0.01576146014652995,0.014975993104414762,0.08541210414600141,0.12644579620869467,0.20030155923359333,0.5209994460517043
128,0.0005606260613098673,0.0020263479671212806,0.0038520826888755813,0.007774202492355965,0.005064132711540761,0.010795149014247853,0.020805893934118053,0.020572008528557277,0.0854136883857119,0.12644579620868765,0.19463997800114802,0.5220500940063257
129,0.0008134503011940756,0.002134251008561118,0.003846352828565128,0.00493665571367936,0.010883612528479192,0.010775424463401009,0.01644711810243113,0.020572008528557215,0.08870059431579169,0.12644579620868096,0.1947531395559849,0.5196915964446743
130,0.0007167162157380335,0.0021572609161236065,0.0038517539953620626,0.004928591728701642,0.005125005631787939,0.01077542446340078,0.021331753151020393,0.014975993104413048,0.0887906098947773,0.126393908751765,0.20120949824530096,0.5197434839016092
131,0.0006576192658076444,0.0020033380595581005,0.001956024515686928,0.007649044766089906,0.005261319747585759,0.010865584416909343,0.022378693468328388,0.02057200852855673,0.08686819640230817,0.1263939087517674,0.19564806260228362,0.519746199475118
132,0.0005761219420193604,0.002157260916123844,0.00378437904610237,0.005017034427837059,0.01111177110177079,0.010766023808803026,0.015367076681910593,0.014975993104416137,0.08885246019319032,0.12644579620869448,0.2012544861244564,0.5196915964446757
133,0.0005287463176794893,0.002003338059559547,0.0037840503525894426,0.0076493734596026096,0.005362331313585818,0.010906499433193485,0.014829826987766474,0.014975993104415773,0.09130165966913806,0.12639390875175371,0.201215654615594,0.5210486179351215
134,0.000446841816245866,0.0020033380595595607,0.001956353209199713,0.005239027531727046,0.005195045660541411,0.010889116968007899,0.020247306834253218,0.02057200852855607,0.09261524062111962,0.12639390875175505,0.194695612543913,0.5197461994751217
135,0.00031785115452866527,0.002026347967122848,0.0020183269916628143,0.005231292240263514,0.0053623313135857794,0.010889808838108857,0.019347487477793877,0.02057200852855544,0.09245868656204764,0.12639390875175457,0.19458510274482915,0.520796847429747
136,0.0004821028518106986,0.002134251008560589,0.0038463528285653525,0.007871366563492934,0.005064132711540765,0.010891770458101982,0.012864474073327806,0.01497599310441737,0.09312900602798876,0.12644579620866933,0.20129530811182142,0.520999446051703
137,0.00048513680757299513,0.0020033380595606675,0.0038567436445401523,0.005150256139078384,0.005069533878337834,0.010879418022134428,0.022534415329136626,0.020572008528553152,0.08854206129203898,0.1263939087517549,0.1947669800721673,0.5197461994751246
138,0.00034757648961647626,0.002003338059559424,0.003784379046103129,0.0051421921541021315,0.005362331313585868,0.010867348622776591,0.01556050473696508,0.014975993104419225,0.09458390104125033,0.1263939087517511,0.20123504277826124,0.5197434839016094
139,0.0004158006235967469,0.002003338059559784,0.0038466815220783725,0.007805276384893944,0.011187212297321445,0.010754925868065418,0.014927732779291523,0.014975993104415289,0.08541399494016472,0.1263939087517568,0.2012265177337344,0.5210486179351216
140,0.0006284230907114594,0.002003338059558528,0.0038520826888756073,0.007657108751066701,0.010944485448726579,0.010867348622778234,0.014795845007952712,0.020572008528556854,0.08672078403922151,0.1264457962087012,0.19476781958103512,0.5207449599728153
141,0.0005293464473235622,0.002003338059559931,0.003846352828566164,0.007583611974518015,0.011187212297321246,0.010898435448214986,0.012751260284692735,0.020572008528554404,0.08869508448151218,0.12644579620868004,0.19579324142286572,0.5196943120181909
142,0.0007970153955540955,0.002003338059559808,0.0038463528285650962,0.005017034427837098,0.005069533878337763,0.010754233997964175,0.021181155332052115,0.020572008528558675,0.08754792628932208,0.1263939087517313,0.19471551104725782,0.5221019814632599
143,0.0006655909077186797,0.0020033380595587875,0.00378978021289995,0.00501703442783761,0.0052314183645849706,0.010744535052090045,0.022408716495810267,0.020572008528557343,0.08878232633070496,0.1263939087517286,0.19464785896690323,0.5197434839016055
144,0.0003615926934621017,0.002003338059559086,0.0038570723380540873,0.0052309635467498,0.011242684050771633,0.01074756900785036,0.017601180515835185,0.02057200852855956,0.08525255480017213,0.1263939087517359,0.1956885097721304,0.5210486179351197
145,0.00045226191844955336,0.002003338059559455,0.0037894515193860603,0.00786330257851525,0.005362331313585775,0.01075926402717841,0.02072747379449907,0.014975993104418325,0.08663166426667024,0.12639390875175088,0.20024416323624444,0.5207968474297426
146,0.0005159454974458452,0.002003338059559552,0.003846352828565431,0.0075606020669549785,0.005231418364585047,0.010856957806803347,0.013055106794655788,0.02057200852855749,0.08861433747359689,0.12639390875176393,0.20055046082425174,0.52079956300326
147,0.0004492756423640342,0.0021572609161243,0.003856743644539506,0.005142520847614533,0.005069533878337762,0.01089610861721879,0.015565354266025927,0.02057200852855587,0.09328010610078932,0.12639390875174736,0.19451519734342299,0.5221019814632595
148,0.0008334766904069856,0.0021342510085609894,0.0038001710288743796,0.004928263035188465,0.005064132711540855,0.010754233997964371,0.017448935589626412,0.020572008528557045,0.09130014323901997,0.12639390875175802,0.1946657783817256,0.5221046970367769
149,0.0006145346469354296,0.0020033380595597676,0.002018326991662667,0.004928263035188676,0.005236819531382066,0.01078848402413578,0.01732602250797332,0.020572008528557596,0.09458734058805572,0.1264457962086947,0.19578475385966418,0.5196943120181902
150,0.0006418240405891949,0.0020033380595601046,0.0037840503525890918,0.005017034427835827,0.010944485448726707,0.010887482007110576,0.017341207000079118,0.01497599310441402,0.08556772457218695,0.1263939087517515,0.20139433430003378,0.5210486179351231
151,0.0007792687602723924,0.0020033380595594536,0.003794441168564625,0.0049366557136791235,0.005255918580788803,0.010744535052089615,0.0186270821759767,0.020572008528556666,0.09253500152311975,0.12644579620868243,0.1946143577840345,0.5196915964446759
152,0.0005970873561628086,0.002003338059558975,0.003846681522078156,0.005142192154102839,0.005064132711540776,0.01077542446340105,0.017552278036578346,0.014975993104413658,0.09245715514181385,0.1263939087517456,0.20144560922348198,0.5197461994751221
153,0.0003749936433398951,0.00213425100856,0.003784379046102738,0.007885983792566558,0.005292291284832381,0.01077845841916285,0.015923357970321322,0.02057200852855469,0.09245731220381098,0.12644579620869192,0.19465685587586698,0.5196943120181896
154,0.0004544724475545659,0.002157260916123445,0.0019560245156872652,0.004928591728702446,0.005297692451629419,0.010863622796914855,0.02532942229245409,0.020572008528553988,0.08533010830488044,0.12639390875175477,0.1946149058024842,0.5221019814632606
155,0.0006601708055148271,0.002003338059559339,0.0019614256824835355,0.007560602066954504,0.010883612528479442,0.010881379642129648,0.01679279328484326,0.014975993104413107,0.08533107977940316,0.126445796208688,0.20045371483120125,0.52205009400633
156,0.0007203472500882106,0.0021342510085598774,0.003794441168563452,0.00764904476608979,0.0051250056317880596,0.010778093208160443,0.018718680771362895,0.0149759931044178,0.08739586671295438,0.126445796208695,0.2012657496911322,0.5209967304781878
157,0.0003324674880183557,0.002134251008560469,0.0038463528285654744,0.005142192154101777,0.005297692451629381,0.010781724242510931,0.015558489631369358,0.020572008528551854,0.08739483540075657,0.12644579620866755,0.20044409605093733,0.5220500940063308
