,intasnumofinfectednbrsnormalized,intasconstantprobabilityovertotalinfected,intasrelativeprobabilityovertotalinfected,intasrelativeprobability,intasrelativeprobabilityoverfreshlyinfected,intasconstantprobability,intasfractinfectednbrs,intasconstantprobabilityoverfreshlyinfected,constasnx,constasavgnx,fractbyrand,constasmaxnx
0,0.007490852970388142,0.023990447631795184,0.015794243013628816,0.03590366567672946,0.020598201920578985,0.041692217821519925,0.04749571820407139,0.051059409918672825,0.10027778014966966,0.16182918609452485,0.25274448663413707,0.2411237899642838
1,0.0144806699059046,0.023990447631747784,0.016036690099772696,0.03815962225249647,0.021527277401252917,0.04165743631361971,0.04052691398576983,0.05206966474025305,0.09792234190669827,0.15955280479360393,0.25295234100476977,0.2411237899641109
2,0.014001806076306331,0.023990447631798875,0.06468427354512916,0.03274937683571991,0.021527277401258725,0.04169221782164955,0.0418820908728352,0.05056963913016832,0.09731783242554658,0.16158356382833708,0.20887768446722127,0.24112378996402903
3,0.014856506965552371,0.023988334630194803,0.06462578601144335,0.03696040618579592,0.02071319541482674,0.04169221782163053,0.040979579340637916,0.04956531262224843,0.09830333558100192,0.1615835638283376,0.20560797163417935,0.2411237899641511
4,0.007491106167105149,0.023990447631807167,0.016159145972237027,0.03602853350663062,0.020598201920575408,0.04165743631355916,0.04749059653895559,0.05057476079531011,0.09885153059604573,0.1632902171561637,0.2527442334374771,0.2411237899641332
5,0.014964968859720124,0.02398808143355531,0.01626319018931271,0.03326996715810881,0.07022041753003426,0.04113684599114141,0.04100552461866011,0.051159535733715567,0.09929644403216681,0.1601573142747555,0.20741392021474944,0.24112378996407988
6,0.014965222056436127,0.02399044763180414,0.015669375183664378,0.03669829848950927,0.020713195414827655,0.0411716274992316,0.04450459973612173,0.051502887328574755,0.10083014220269017,0.15769972031023927,0.25113069418266565,0.2411237899642352
7,0.015387265026583991,0.02399044763177141,0.06406963492654977,0.033478867355488176,0.021583591867278398,0.04165743631356129,0.04403104667602267,0.05164694032392013,0.0972656849974278,0.1597652608530461,0.20600003406415535,0.24112378996419495
8,0.007490852970423599,0.023988334630223297,0.01566937518373576,0.03490505281669736,0.06940622233491578,0.04165743631350923,0.047495718204101166,0.051061776116962054,0.09824702111492158,0.1618639676025756,0.20709045274774063,0.24112378996419412
9,0.014532564137346724,0.023990700828498378,0.01626319018922277,0.03600304893560945,0.02152727740125674,0.04165743631358202,0.044651258104913716,0.05047544162877933,0.09726568499740545,0.15973047934498735,0.25277912815418724,0.24112378996421063
10,0.013997892235164015,0.023990447631793994,0.0641945027565794,0.037932944861879765,0.020598088711882297,0.041657436313527765,0.041277645484093135,0.052559435528744404,0.09885569763392085,0.15955280479359915,0.20425931408469983,0.24112378996411535
11,0.015335117598399936,0.02398808143347241,0.06417367914367199,0.03642432009149147,0.020713195414828203,0.0411716274992931,0.04434475067482287,0.051649306522208525,0.10093860409684999,0.15602784849048681,0.204109679070402,0.2411237899640727
12,0.008021611031454363,0.023988081433483417,0.016263190189282663,0.03642277614954558,0.07022041753003909,0.04113684599125198,0.05266082106366879,0.05057860684316849,0.09726568499741779,0.15805860752522793,0.20425956728138792,0.24112378996407197
13,0.01491282143154025,0.023990700828465626,0.06419450275665117,0.037933058070586646,0.021642270895507715,0.041692217821722985,0.044802601787208025,0.05164842017349737,0.09792234190669906,0.15769972031024723,0.20243755405394173,0.24112378996393216
14,0.014480416709183824,0.023990447631794896,0.06445777345560642,0.036699195825398136,0.021642270895508634,0.04113684599116828,0.044923314877941704,0.052024930911409056,0.09731783242557433,0.15805860752523052,0.2041445737871698,0.24112378996401435
15,0.007969463603269776,0.02398833463016789,0.015480539014837145,0.036002984843225276,0.06929134204935804,0.041692217821720313,0.05116227530321713,0.05096757861558044,0.10027778014967906,0.1560278484904779,0.20601584551437707,0.24112378996409006
16,0.007969716799995587,0.023990447631796488,0.016057513712626044,0.03886641059928247,0.020713082206131786,0.04165743631359812,0.04701192181366652,0.05047396177921433,0.09824702111493008,0.15958758630167003,0.2543011117630144,0.24112378996407408
17,0.014532564137352738,0.023990447631845185,0.06419450275657876,0.033269903065738925,0.02071308220613451,0.04117162749921452,0.04581741524966119,0.051064531583817366,0.10022563272149772,0.15830422979139394,0.20559227339267477,0.24112378996409028
18,0.00802161103144556,0.023990447631824046,0.06466344993223627,0.038035401028601284,0.02164227089550708,0.04165743631355858,0.05205624749016529,0.050473961779217216,0.09726568499740113,0.15830422979138917,0.2027654691446334,0.241123789964021
19,0.014856506965547469,0.023988081433553306,0.06460496239855437,0.038854758597690886,0.02169869857022892,0.04113684599115382,0.04100558871102995,0.049612614328804594,0.09731783242554934,0.16015731427475685,0.20564300633897103,0.24112378996415945
20,0.014480416709171193,0.023988334630202217,0.06419450275649491,0.03529918225090225,0.021642384104201964,0.04113684599131248,0.042609209706911705,0.051063255966528824,0.09731783242557322,0.1595528047936017,0.20759144070101865,0.2411237899640808
21,0.01544357949260275,0.023988334630251976,0.06434169169961002,0.03607699929873938,0.021527277401252664,0.04113684599116425,0.04052179232064564,0.051607532392526564,0.09726568499741838,0.16125945812142894,0.20570701369023278,0.24112378996412656
22,0.014532564137359365,0.02399070082852497,0.01628401380212732,0.03642284024192555,0.07022053073873737,0.04113684599110842,0.04612898025252692,0.05057624064487256,0.09726568499737467,0.15973047934499465,0.20258732905622875,0.24112378996421954
23,0.014001806076278375,0.02399070082850447,0.06460496239870099,0.0388064961620044,0.021642270895508603,0.04113684599119803,0.04100046704591591,0.052073306555819335,0.09731783242557414,0.1618291860945072,0.20247233556200256,0.24112378996398598
24,0.015335370795126342,0.0239904476317677,0.06382231122409551,0.03565066337906592,0.020713082206131644,0.04113684599123998,0.042313282559440876,0.05015499607813001,0.09890784506209889,0.1595528047936037,0.20729856031509894,0.24112378996420053
25,0.015443579492618797,0.02398808143351651,0.0160366900997302,0.03354336304247107,0.07022053073873302,0.04113684599121862,0.04555041604941735,0.04961409417837268,0.09990095351324314,0.1577345018183083,0.2057071536782533,0.24112378996411693
26,0.014053953504474387,0.02399070082845144,0.06453858210225169,0.0361279658818526,0.02152727740125746,0.04165743631364962,0.044818303734955024,0.05197398738926116,0.09990095351328648,0.1576997203102515,0.20258732905623084,0.24112378996407768
27,0.015391432064445295,0.02399070082851099,0.01537649479774906,0.03664992284512124,0.06929122884065898,0.04117162749917827,0.04050615446527838,0.05154614130782553,0.10027778014969199,0.1601573142747532,0.20451741296254164,0.24112378996424547
28,0.00754325359527181,0.023988081433532333,0.06406963492660116,0.0334417307828604,0.021527390609954532,0.04113684599118356,0.04959358768817256,0.05102000198728252,0.09726568499740905,0.16329021715617056,0.20599978086746595,0.24112378996409561
29,0.015335117598440055,0.02399044763182704,0.06497715393093345,0.03590366567672826,0.020713082206133028,0.04169221782163112,0.04402598910323016,0.04966374544005286,0.10033409461571048,0.15830422979138747,0.20393646621982464,0.2411237899641014
30,0.014480416709213012,0.023990447631822193,0.01597030980337634,0.035449836760957136,0.0703354110242928,0.04113684599106753,0.04405193438128206,0.051919010230156305,0.09792234190669821,0.15606262999856063,0.20755702559834946,0.24112378996422432
31,0.013945491610273324,0.02399070082846948,0.01577341940076889,0.03652375246670343,0.06940622233491411,0.041136845991212465,0.046023905017147745,0.05096521241728967,0.10033409461569315,0.15663235797164785,0.20414420738176425,0.24112378996411576
32,0.014053953504468772,0.0239907008284903,0.01535567118513472,0.035425594022776834,0.07022041753003887,0.041171627499193134,0.04662841449829614,0.05106453158382111,0.09726568499739725,0.15602784849049042,0.2076717658959111,0.24112378996398132
33,0.008880478958533979,0.023990700828468072,0.06419450275664836,0.03402376450843928,0.0216422708955111,0.041136845991238076,0.04701192181365131,0.05000434156807632,0.09934859146030622,0.1595875863016679,0.20905520495346655,0.2411237899639926
34,0.014480416709188282,0.023990447631792054,0.016036690099925054,0.03740296038068954,0.06929134204935754,0.041136845991137413,0.04404681271614214,0.05042706598438723,0.10027778014968251,0.1560278484904928,0.20575799983321447,0.2411237899639909
35,0.014532564137360026,0.023990447631803507,0.06455940571527966,0.03409859954334447,0.020598088711882956,0.04117162749924783,0.042292458946550274,0.05047544162877963,0.10022563272150971,0.16122467661335615,0.20570726688691987,0.24112378996396594
36,0.007490852970392139,0.023990700828502933,0.015970309803344865,0.03387458984794921,0.02164227089551062,0.04113684599123858,0.04900990181996733,0.050574760795305956,0.09731783242557866,0.16329021715616354,0.2545779275019769,0.2411237899640693
37,0.01539143206443302,0.02399070082850124,0.015355671184879778,0.03354412285722002,0.07033541102428628,0.04117162749928179,0.04113142346695239,0.051497765663456825,0.0973178324255421,0.163255435648093,0.2058847873732158,0.24112378996413764
38,0.00796529656543337,0.023988334630204385,0.015355671184891964,0.03612944573142444,0.07039172549031675,0.0416922178216862,0.05295882311471158,0.05096097710086816,0.09726568499738726,0.1597304793449765,0.20243755405389469,0.24112378996420458
39,0.014912821431530547,0.02399070082855351,0.06453858210218646,0.033021939476565884,0.02071319541482811,0.041657436313470284,0.04310857986031864,0.04951092896398798,0.10027778014969854,0.16122467661336784,0.20591956888124738,0.24112378996424483
40,0.014964968859720543,0.02399070082856781,0.01537649479790158,0.03555782473353953,0.07033552423298334,0.04169221782167301,0.04450972140126689,0.0501000189190236,0.09726568499741997,0.15769972031025184,0.20738333313373622,0.24112378996391573
41,0.014908654393692683,0.023990447631804687,0.015480539014893172,0.03488093488654922,0.02059808871188401,0.04165743631356621,0.04249894871403823,0.050052717212463196,0.098251188152791,0.1601920957828213,0.2563651592214436,0.2411237899640527
42,0.015391432064438361,0.023988334630252142,0.016263190189321278,0.03487939094460396,0.07033552423298568,0.04165743631350043,0.045550480141765826,0.04956167080667029,0.09792234190672308,0.15602784849048745,0.20729856031512428,0.24112378996412712
43,0.013945491610279621,0.02398833463021124,0.015501362627724441,0.03600298484324112,0.02071319541482551,0.041657436313538375,0.041584152914174936,0.05246612437605741,0.10033409461569918,0.16122467661336515,0.2514583560766733,0.24112378996420983
44,0.01453256413738205,0.023990447631787037,0.015376494797812586,0.037301328121107515,0.0703355242329858,0.041171627499228224,0.044031110768379685,0.05241026086827858,0.09726568499738196,0.15973047934497792,0.20273068763653476,0.2411237899641438
45,0.008454015753801279,0.02398833463019159,0.015845441973393687,0.03339329104609954,0.07022041753003731,0.041136845991146406,0.05104149812008605,0.049662469822761166,0.09990095351329083,0.15773450181831572,0.2074984398366491,0.2411237899642272
46,0.01496496885971543,0.023990700828468787,0.06466344993212177,0.03540146111656638,0.020713195414823925,0.04113684599122101,0.04602909077466048,0.04955782475881324,0.0987993831679686,0.15773450181830742,0.20588478737321936,0.24112378996411366
47,0.014424102243141891,0.02399070082846562,0.01584544197345742,0.03876466513097557,0.07027684520475372,0.04169221782170106,0.044046748623768534,0.051972507539717466,0.09731783242556655,0.15602784849049237,0.204517299753849,0.2411237899641109
48,0.014002059273006748,0.023988081433481308,0.015274862538196777,0.03622954902515571,0.021642270895509554,0.04165743631367319,0.04158921048693962,0.05246100271092574,0.09934859146028473,0.1612594581214322,0.25142368777733104,0.2411237899640633
49,0.008880732155242392,0.023990447631759424,0.01597030980347128,0.03845519233489947,0.06940622233491371,0.04117162749927866,0.05145509159674767,0.049663745440053905,0.09824702111496722,0.157699720310252,0.20393609981441724,0.24112378996399694
50,0.014480669905888874,0.023990447631780557,0.015970309803424725,0.03387458984795251,0.02059808871188108,0.04117162749926481,0.04584329643531996,0.05056963913016987,0.09824702111495708,0.15805860752522702,0.25607191243007954,0.24112378996405406
51,0.0075430003985412905,0.023988334630202734,0.06453858210231224,0.032973612948499986,0.020713082206129885,0.04165743631361261,0.05104149812007101,0.05047268616192924,0.1008301422026405,0.1560626299985526,0.20905520495345836,0.24112378996404946
52,0.014856506965511626,0.0239907008284984,0.06406963492656322,0.03720218625563432,0.020598088711880992,0.041136845991195777,0.044802537694825645,0.0501000189190273,0.09830333558096895,0.15809338903329653,0.20572296512848423,0.24112378996411302
53,0.013945491610264397,0.02399070082855864,0.06460496239850669,0.03583533243758947,0.02169869857022556,0.04169221782151071,0.04100552461871156,0.05047031996363929,0.09731783242558549,0.15955280479361195,0.2087623245675261,0.24112378996427017
54,0.007969463603287253,0.023990700828528406,0.01566937518374528,0.038158611707903224,0.021527390609953033,0.041692217821623904,0.0511465733554283,0.05245863651263779,0.09731783242557131,0.15602784849050205,0.2529175594966929,0.24112378996412656
55,0.014053953504471433,0.023988081433471427,0.015764633326645447,0.03725389892891675,0.020713082206135578,0.04113684599121749,0.04277619124460056,0.050573485178022404,0.1002256327215124,0.16125945812143308,0.25113094737939906,0.2411237899641744
56,0.008402121522379593,0.023988081433538033,0.06417367914358811,0.03326842321617046,0.02152727740125744,0.041171627499240485,0.04812105129812914,0.050152240611273075,0.09731783242555046,0.16325543564809494,0.20749843983666347,0.24112378996411477
57,0.014053953504425802,0.023988081433495564,0.01537649479780465,0.036649986937475156,0.07033552423298325,0.0411368459912154,0.044797416029677364,0.05246464452652798,0.09990095351328847,0.15769972031024512,0.2024725887587195,0.24112378996414166
58,0.008824164492491147,0.02398808143342479,0.015639765496756563,0.038385111797417895,0.07039172549031171,0.0416574363136654,0.04761649538716874,0.051065338232327305,0.097317832425594,0.15958758630167585,0.2044026726650151,0.24112378996415146
59,0.014912821431572992,0.02399044763173743,0.06475065384136841,0.03307667594135371,0.021642270895508197,0.04165743631370537,0.0451141667900333,0.049557824758813714,0.09934859146027708,0.15773450181832208,0.20709081915319158,0.24112378996411596
60,0.01538726502658457,0.023988334630224074,0.015376494797812135,0.03607560660253978,0.06940622233491293,0.04169221782165426,0.0446355561571433,0.05010386496688012,0.09825118815281865,0.159730479344975,0.2042289802003132,0.24112378996414205
61,0.01496496885972903,0.023990700828493746,0.06443694984257334,0.03312505158574214,0.021527277401261723,0.041657436313580154,0.0448233613077302,0.051007994874920415,0.09787019447852639,0.15973047934498427,0.2057417951983297,0.24112378996412864
62,0.014424355439851084,0.02399044763174789,0.015639765496784485,0.03380462251918003,0.021583591867276146,0.04165743631351685,0.04552965652890844,0.05047031996364294,0.09934859146029042,0.1577345018183129,0.2546929209962516,0.24112378996423722
63,0.014908654393672567,0.02399044763179869,0.015845441973368346,0.036696931848633804,0.07039172549030635,0.04113684599122443,0.042499012806439446,0.04951605062913734,0.09726568499740078,0.16389472663730875,0.2027306876365669,0.2411237899641426
64,0.013945491610276724,0.023990447631789955,0.06466344993218734,0.0347801358704518,0.02169858536152815,0.041692217821613066,0.041902914485734195,0.05056963913016661,0.09731783242556054,0.15955280479360162,0.20876269097293929,0.24112378996415063
65,0.0074908529703884555,0.02399044763179085,0.015567742924147806,0.033597315380063886,0.0702204175300368,0.04113684599118922,0.048095106020060244,0.050963732567720826,0.09934859146033312,0.15958758630168526,0.20887757125851883,0.24112378996406483
66,0.0074866859325280624,0.02398833463025261,0.06475065384139342,0.0362809104240156,0.021583705075978312,0.041136845991084525,0.04749565411170108,0.051921376428469126,0.09726568499741453,0.15958758630167497,0.20737877230126742,0.24112378996422038
67,0.007969463603279011,0.023988334630181685,0.06417367914361244,0.03487939094460655,0.02164238410420337,0.04169221782165496,0.047935321051145466,0.05096245695043331,0.09731783242554755,0.15955280479360864,0.20876232456756086,0.24112378996416606
68,0.014053953504439446,0.02399070082846228,0.06445777345550084,0.03358038640640275,0.02071319541482253,0.04165743631365799,0.04600308140425164,0.05057476079530902,0.10022563272150062,0.15769972031023793,0.20591956888129365,0.2411237899641214
69,0.014912821431550219,0.023988334630246,0.06417367914366683,0.03590224991951573,0.02152739060995468,0.041657436313474044,0.04632190706820364,0.050152240611274754,0.09792234190671333,0.1597652608530365,0.20255254754818192,0.24112378996418227
70,0.014001806076311643,0.02399044763175621,0.0644577734554357,0.037356064585893044,0.021527390609953834,0.041136845991201806,0.04098476509817308,0.051967385874566285,0.09731783242554055,0.16329021715617315,0.20284568113077484,0.24112378996421982
71,0.014964968859715079,0.023988334630190178,0.016159145972228804,0.03352576315031681,0.02059808871188043,0.041692217821577074,0.04098470100576863,0.05111263993884868,0.0981948736867925,0.1615835638283391,0.2560719124300831,0.2411237899642595
72,0.014480416709146383,0.0239907008285939,0.0648522861009027,0.03602859759900973,0.020598088711881176,0.0416922178215124,0.04050096870778021,0.05207330655579614,0.10027778014968171,0.16015731427475124,0.20422453257663775,0.24112378996430656
73,0.014912821431557519,0.023990700828492657,0.01586626558631361,0.038679315238981805,0.021527277401257122,0.04113684599118677,0.041589274579320004,0.051057850368864406,0.09731783242557712,0.15958758630168274,0.25321043988262454,0.24112378996414163
74,0.014964968859698972,0.023988334630271228,0.015480539014872497,0.0360514736963129,0.02164227089550854,0.04169221782159256,0.04481830373496511,0.0515067333764069,0.09990095351330448,0.15769972031024848,0.25113069418269496,0.24112378996412331
75,0.014476502868040468,0.023988081433476218,0.06419450275645633,0.03387447663925658,0.02059820192058504,0.041171627499242434,0.040793849093672986,0.052565443542581386,0.09825118815281364,0.16325543564809658,0.20570690048154605,0.24112378996423217
76,0.014001806076300588,0.02399044763180018,0.06446655952965247,0.036004464692786155,0.020713082206130655,0.04165743631360644,0.0431035222876006,0.05096373256771926,0.09824702111495447,0.16161834533640634,0.20410979227908627,0.24112378996395653
77,0.01447624967132427,0.023990700828521942,0.01525403892529909,0.033076725057671674,0.0694062223349115,0.04165743631358207,0.04052697807816473,0.050958610902579915,0.10028194718751297,0.16182918609449864,0.20741811464181653,0.24112378996411685
78,0.015443579492621469,0.023990700828534516,0.01537649479779911,0.03602705365707415,0.07022053073873132,0.04165743631350173,0.04463562024953468,0.05164842017346343,0.09929644403211535,0.15773450181831652,0.2028454279340702,0.24112378996423744
79,0.015387265026572018,0.023988334630190206,0.06466344993207317,0.035432956903612436,0.02158359186727972,0.04165743631361528,0.04554535847664689,0.04961773599395245,0.09726568499738254,0.15606262999855555,0.2076717658959179,0.2411237899642019
80,0.01400180607629343,0.023990700828573526,0.015669375183702264,0.0335780092209466,0.07033541102428961,0.0416574363135684,0.040979643433020976,0.05246375817777719,0.09934859146030534,0.16122467661336304,0.2056268017040548,0.24112378996410477
81,0.014424355439877811,0.0239904476318174,0.016057513712637722,0.03562648135653378,0.07039172549031134,0.04117162749927483,0.04199957856063501,0.05047544162878922,0.09792234190669354,0.159552804793598,0.20726389201574788,0.24112378996408346
82,0.014001806076286594,0.02399044763178533,0.015254038925365539,0.036783228192829164,0.06929122884065887,0.04169221782162995,0.042796950765117074,0.05101103427428337,0.10027778014970273,0.15955280479359316,0.2042246725646319,0.24112378996411635
83,0.007486685932499473,0.023990700828491265,0.0645385821022317,0.03404624026400972,0.021583591867274543,0.041136845991262244,0.0513343144136136,0.050522743335342936,0.09726568499741847,0.15809338903329076,0.2088774312705021,0.2411237899640632
84,0.015391432064440836,0.023988334630218953,0.015355671184976489,0.03344325974875347,0.020713082206135287,0.04113684599112433,0.046442748343723486,0.05010750678245354,0.10027778014962488,0.15606262999857134,0.2559569189358145,0.24112378996416295
85,0.014964968859719398,0.023990447631752638,0.015254038925336893,0.033494923305707955,0.0703354110242889,0.041136845991200974,0.0445305450141916,0.05164842017346083,0.0999009535132802,0.1560278484904851,0.20759180710643438,0.24112378996414122
86,0.008876311920680145,0.023990447631839346,0.06466344993213873,0.03600316214429914,0.020713082206130325,0.04165743631356683,0.05055770172967387,0.049564426273522276,0.09885569763393783,0.15973047934498275,0.20426401490512658,0.24112378996410208
87,0.014532564137357346,0.023988081433449212,0.06495633031801916,0.036051537788692384,0.021527277401251318,0.04165743631363612,0.040521792320632175,0.05042943218267859,0.09929644403213911,0.161863967602572,0.2040513465053984,0.24112378996417433
88,0.014908654393709565,0.023990700828583806,0.01564855157082065,0.03815867580027891,0.02169869857022683,0.04165743631348723,0.04250407037917011,0.05004907539688945,0.09787019447852222,0.1612246766133708,0.25116547569077186,0.24112378996416875
89,0.015443832689316768,0.02398808143347459,0.015970309803429946,0.03478018498677668,0.07033541102429051,0.04169221782164835,0.04405193438128724,0.05115953573368681,0.09726568499739086,0.1566323579716401,0.20755665919295246,0.2411237899641056
90,0.014001806076321835,0.023990447631770714,0.015991133416281646,0.035902185827136904,0.02152739060995265,0.04169221782165286,0.04308269867468624,0.05057624064487514,0.09934859146028291,0.16122467661335385,0.25153882125961297,0.24112378996407216
91,0.008454015753817852,0.02399044763171231,0.015970309803305136,0.0328970075542633,0.06929122884066134,0.0416574363136972,0.04751654181697509,0.051009474724514725,0.09879938316793087,0.16325543564809217,0.20603492878091034,0.24112378996411973
92,0.014480416709190161,0.023990700828511066,0.01615914597226342,0.03349426736326312,0.06929122884066308,0.04117162749921332,0.04403104667603366,0.05047031996363861,0.10088228963082643,0.15602784849048543,0.20887731806176332,0.2411237899641483
93,0.01490865439368076,0.023988081433531133,0.015618941883906003,0.03385442889681558,0.06929134204935482,0.04165743631356239,0.044525359256662525,0.04951693697785937,0.09825118815280984,0.15973047934498033,0.20753336133267328,0.24112378996416395
94,0.008932626386683165,0.023990447631845137,0.01626319018929536,0.032748010194850886,0.020713082206130034,0.041692217821585706,0.04853641285222189,0.04966010362447676,0.09879938316790673,0.16158356382833208,0.25595717213252295,0.24112378996414927
95,0.008824164492535135,0.02399070082845542,0.015480539014814767,0.03341907772621901,0.0703918386990035,0.041136845991240976,0.05056288748721753,0.0499992199029325,0.09995310094143829,0.15602784849050177,0.20908998646150193,0.24112378996413922
96,0.01453281733401468,0.023990447631876785,0.01599113341629045,0.03655666401091396,0.02164227089550438,0.041657436313514984,0.04050103280014861,0.05052638515092341,0.09929644403220222,0.15955280479360398,0.2546287736569265,0.24112378996408002
97,0.014480416709152613,0.023990700828552092,0.015376494797959451,0.036129332522727035,0.021527277401256612,0.04165743631355037,0.04613416601007937,0.050958610902583266,0.09731783242558238,0.15809338903328168,0.253210553091336,0.24112378996393924
98,0.01539168526113469,0.023990447631792693,0.015866265586299697,0.03607690915101744,0.020713082206132574,0.04165743631355602,0.04050615446530434,0.051108793891020673,0.09824702111494767,0.16385994512923568,0.25145846928542076,0.24112378996413775
99,0.01447624967132136,0.023990700828518004,0.06453858210218544,0.033021939476564406,0.021583591867278616,0.041657436313532685,0.0423132184670445,0.05042706598438908,0.0978701944785742,0.16161834533640385,0.20737888551003178,0.24112378996415615
100,0.008880732155230952,0.02399044763177001,0.015254038925313927,0.03510589103414353,0.06929122884066247,0.041692217821662686,0.05056288748720655,0.05154762115740259,0.09824702111495731,0.15830422979138453,0.20599989407615757,0.24112378996410783
101,0.014001806076290127,0.02399070082852995,0.01579424301373454,0.03544990085333548,0.06940633554360436,0.0411368459911384,0.041584088821805976,0.050915356923334126,0.09824702111493284,0.16125945812142228,0.20709045274774654,0.24112378996412542
102,0.007486939129232722,0.02398808143351267,0.0643625153124979,0.032872700723705434,0.020598088711882217,0.04165743631361296,0.04749059653895141,0.051068377631673496,0.10088645666867557,0.16125945812142173,0.20720555945069866,0.24112378996413505
103,0.014964968859715598,0.02398808143349896,0.01574380971387924,0.03358032231402718,0.020598088711881065,0.04169221782165884,0.041000467045900144,0.0496661116383377,0.1002256327215218,0.15955280479360953,0.2578637049819182,0.24112378996405184
104,0.013997639038429804,0.023988334630196777,0.06497715393097196,0.0359021858271429,0.020713195414827135,0.041657436313592956,0.04450459973614998,0.05207715260366339,0.10028194718753418,0.15663235797163233,0.2041442073817397,0.24112378996411893
105,0.014913074628251302,0.02399044763175631,0.01597030980334005,0.038033857086661495,0.07022041753004031,0.041657436313601144,0.04482342540009444,0.049559304608377826,0.09792234190672809,0.15769972031024254,0.20408587481678714,0.24112378996411934
106,0.014054206701156908,0.02399044763175186,0.06443694984262247,0.034201775744891055,0.02164238410420463,0.04113684599125773,0.044530480921806385,0.05046884011407223,0.09726568499741771,0.1580586075252295,0.20908998646151847,0.24112378996407105
107,0.014965222056393857,0.023990447631744433,0.015932645882757716,0.0395585872453584,0.021527390609955847,0.04113684599122329,0.04098476509818344,0.04951092896399016,0.0972656849973791,0.16122467661336834,0.2527790149455263,0.24112378996411912
108,0.014532817334066288,0.023988081433510052,0.01599113341627639,0.033400782111688225,0.020598201920574568,0.041657436313558324,0.0443239270619487,0.05202365529413461,0.10022563272149451,0.15602784849048476,0.25610669393813174,0.24112378996413183
109,0.014964968859718583,0.023990447631770596,0.01628401380215333,0.0340236512997448,0.021527390609954063,0.041136845991157626,0.04450453564377933,0.04951457077956712,0.09726568499738558,0.1597652608530527,0.25589883956749,0.24112378996422615
110,0.014908654393705983,0.023988081433507443,0.0645594057152367,0.03612933252272938,0.020598088711879053,0.04165743631357078,0.046301147547694495,0.04956019095710338,0.0988556976339192,0.15809338903329617,0.20422478577332587,0.2411237899640316
111,0.00839770128777996,0.023988081433491248,0.06468427354511992,0.03652511910754721,0.02158370507597854,0.04113684599125667,0.04749053244655117,0.04956531262224589,0.09787019447855466,0.1615835638283453,0.20605088021911486,0.2411237899640147
112,0.007486685932534469,0.023988081433488614,0.06453858210221432,0.03302193947656726,0.020713082206130905,0.04165743631354169,0.0481209872057317,0.05042431051753128,0.09825118815278532,0.16161834533640268,0.209055571358875,0.24112378996419667
113,0.014424355439878557,0.023988081433508165,0.06468427354502301,0.03803380797033786,0.02059820192057434,0.041657436313556485,0.04110547818891658,0.050477807827068254,0.09830333558097008,0.15958758630167988,0.2060158455143196,0.2411237899641672
114,0.015443832689340357,0.023988081433425398,0.06466344993217384,0.03600304893561091,0.020713082206127616,0.04165743631362575,0.0443396290096646,0.05106533823234229,0.10083014220262698,0.15773450181831958,0.2024376672626153,0.24112378996412748
115,0.01539168526116277,0.0239904476318006,0.015355671184991225,0.03287429378196856,0.021527277401259468,0.041657436313582985,0.04494932424836517,0.05014839456341924,0.09934859146029652,0.15606262999855347,0.25757045819055613,0.24112378996404393
116,0.00796529656543603,0.023990700828499644,0.06424005944009334,0.033595786414177306,0.02158370507598,0.04117162749924538,0.047642376572853445,0.05245863651264817,0.09726568499737714,0.1632554356480966,0.20570690048156526,0.2411237899640276
117,0.013997892235126935,0.023990447631795548,0.015355671184920337,0.034903523850815424,0.06940633554361068,0.04165743631359732,0.04129328333946304,0.05256455719388259,0.09825118815280506,0.16182918609449762,0.20562668849537463,0.24112378996411077
118,0.014856760162228802,0.02399044763179749,0.06455940571515614,0.03542411417320703,0.021583705075975276,0.04113684599111946,0.04277612715223364,0.04966010362447577,0.09731783242554054,0.16186396760256813,0.2057069004815245,0.24112378996417325
119,0.014965222056420967,0.023990447631750633,0.06468427354488987,0.03660760753306406,0.02071308220613545,0.04169221782173894,0.04127252381891657,0.04956442627352198,0.10022563272152232,0.16122467661335912,0.2039360998144536,0.24112378996422662
120,0.007913149137263327,0.023990700828509643,0.016263190189343364,0.03642295345061728,0.07039172549030849,0.04117162749924379,0.047032745426564555,0.0505762406448793,0.09995310094141495,0.16122467661335685,0.2039360998144305,0.24112378996406797
121,0.007965549762120255,0.02398808143347032,0.015845441973490977,0.03665003605380672,0.06929122884066455,0.041136845991179706,0.05085064620794461,0.051974873738006695,0.0988556976339778,0.15809338903329156,0.2042244193679478,0.24112378996409892
122,0.014856506965532921,0.023990447631778638,0.015480539014831747,0.033268536424866796,0.06940622233491,0.041136845991161415,0.04453054501417024,0.05164842017349688,0.10093860409684766,0.15602784849047727,0.20759169389776624,0.24112378996416023
123,0.01447650286801237,0.023990447631751562,0.06445777345546642,0.036699131733024706,0.020598088711883098,0.0411716274993068,0.04431886948918659,0.05052638515091677,0.09825118815281526,0.16033498882611402,0.20405120651739708,0.2411237899641253
124,0.008345553859627333,0.023988334630202654,0.06446655952957069,0.03326842321617235,0.02059808871187979,0.04117162749919839,0.04751142015181811,0.051655908036932166,0.09830333558094785,0.16385994512924454,0.20570701369024424,0.24112378996416187
125,0.014532564137348847,0.02399044763174853,0.015480539014791227,0.0353846944679202,0.021642270895507014,0.04169221782173437,0.04052185641302833,0.05106453158381796,0.09726568499744769,0.1595528047935965,0.2577485982789306,0.24112378996412873
126,0.014480669905908542,0.023990447631860874,0.016263190189293158,0.0349292464385613,0.020598088711881915,0.04165743631351458,0.04405193438130393,0.05042046446968102,0.09885153059605636,0.1577345018183143,0.25589869957951206,0.24112378996411207
127,0.014532564137318104,0.02399070082848201,0.06485228610106926,0.033626562166404604,0.021642270895502573,0.041692217821665725,0.045529592436525185,0.050421944319250095,0.09726568499742017,0.1580586075252221,0.20726377880707128,0.24112378996406894
128,0.008876311920700748,0.023990447631768285,0.0638431348371673,0.03324848868242277,0.021583591867280878,0.04165743631358386,0.04701710757119011,0.05000069975249985,0.09787019447854943,0.16161834533641056,0.20917045164437173,0.2411237899640544
129,0.01448041670918099,0.023988334630262172,0.01597030980332997,0.03808218361474278,0.06940622233490995,0.041657436313550456,0.0414191821877538,0.05192797794315512,0.09824702111492023,0.15958758630167513,0.2041095390824117,0.24112378996410774
130,0.008880478958559233,0.023988334630203313,0.015970309803360828,0.03845501503382867,0.021527390609957384,0.04113684599118196,0.05266082106369582,0.049666111638340546,0.09731783242555431,0.15602784849048804,0.2532452213906871,0.24112378996414288
131,0.014001806076284764,0.02398833463020682,0.015970309803325967,0.03652505501516865,0.06929134204935798,0.041171627499166086,0.04481830373492569,0.05197487373801469,0.1008822896308647,0.15602784849049192,0.2042244193679139,0.24112378996427883
132,0.014908907590397284,0.023990447631790923,0.016159145972235556,0.03602871080769455,0.07039172549031525,0.0416922178216365,0.04450965730891376,0.04965862377491065,0.09929644403216907,0.15663235797163727,0.20560797163415592,0.2411237899641432
133,0.01544357949259819,0.02399070082847587,0.06382231122420436,0.03320147967890549,0.021642384104203827,0.04169221782163228,0.045550480141781834,0.05004759554732102,0.099296444032146,0.15830422979139666,0.20588478737322194,0.2411237899641126
134,0.01447624967132845,0.023990447631752437,0.06497715393097415,0.03595206737643766,0.021698698570224675,0.04113684599129449,0.040506154465295964,0.05202128909580676,0.09726568499741343,0.16125945812143233,0.20559216018403842,0.24112378996400136
135,0.007434538504363182,0.0239904476318265,0.015648551570778147,0.03344325974874933,0.021698585361531672,0.041136845991175085,0.04900996591232839,0.051016155939423505,0.09792234190670049,0.16325543564808528,0.25432008182086296,0.24112378996417538
136,0.008824164492510708,0.02399044763175466,0.0646842735451099,0.03642425599910302,0.02158359186728018,0.041136845991225905,0.0511465733554531,0.05115716953540168,0.09934859146027418,0.15602784849049178,0.2045524476673217,0.2411237899640731
137,0.014001806076258182,0.023990447631795097,0.0642608830528514,0.036750075255152295,0.020598088711882307,0.04113684599119831,0.042478189193515876,0.05096521241729021,0.10088228963083108,0.1595875863016671,0.20422478577336045,0.2411237899641977
138,0.015335370795133262,0.023990447631854855,0.016159145972214742,0.03654764397944395,0.06929122884066456,0.04113684599116169,0.04463049858436697,0.05116377105012982,0.10033409461570406,0.1576997203102589,0.20258744226492525,0.24112378996414188
139,0.015335117598402778,0.023990700828579986,0.01576463332667869,0.033075245208104946,0.02158359186728136,0.04165743631352204,0.040799034851176606,0.05105785036888304,0.09731783242560704,0.16222285481755308,0.256071912430081,0.24112378996412945
140,0.015443579492609952,0.023988081433520724,0.0642608830528617,0.036178631558349876,0.02164238410420239,0.04117162749929069,0.04050096870775706,0.05010898663202432,0.09726568499742487,0.16122467661335554,0.20709070594448425,0.24112378996411876
141,0.014476249671328779,0.02398833463021214,0.06443694984277472,0.03515581062047731,0.02071308220613234,0.04165743631350422,0.0440467486237658,0.05192649809361286,0.09885569763394071,0.15606262999855094,0.20755677240168371,0.2411237899640164
142,0.01538726502660481,0.023990447631751018,0.015376494797847641,0.03399786461961884,0.0702768452047571,0.041136845991227015,0.04403104667600443,0.05164842017347711,0.0972656849974042,0.1580586075252271,0.2077066873919634,0.24112378996411735
143,0.014476249671327325,0.023990700828500095,0.01615914597227882,0.032973612948487406,0.020713082206127116,0.04169221782162815,0.04552453486375845,0.05047544162878673,0.10028194718753045,0.15663235797163033,0.2559569189358664,0.24112378996407863
144,0.014913074628260026,0.02398808143349483,0.01584544197334243,0.036076909151010625,0.07022041753003819,0.04169221782171868,0.04100558871106953,0.04961261432880797,0.09934859146030273,0.16015731427475188,0.2060159587230352,0.24112378996416794
145,0.014964968859733193,0.023990447631730003,0.015845441973440417,0.036027166865777546,0.07033541102428593,0.04165743631357014,0.041005588711055,0.05115864938496014,0.0972656849974056,0.1622228548175547,0.20440255945630612,0.24112378996418127
146,0.00796529656540365,0.023988334630172414,0.015648551570821533,0.03868068187984559,0.07027684520475884,0.041171627499306994,0.04853135527944517,0.050966098766012394,0.09726568499743182,0.16182918609451227,0.20255254754815888,0.2411237899641304
147,0.014913074628234381,0.02398808143349993,0.015639765496740215,0.0337037102943891,0.020713195414825986,0.04169221782161525,0.040979643433023294,0.049667591487906865,0.09824702111496533,0.16325543564809014,0.2560764732625089,0.24112378996420064
148,0.0074866859325480786,0.0239883346302194,0.015618941883854742,0.038937197906889376,0.0702768452047584,0.04165743631355512,0.0513343785059911,0.050525109533630964,0.09726568499738959,0.15606262999855533,0.2057229651284066,0.24112378996420125
149,0.00749085297041829,0.02399070082855175,0.015618941883894111,0.03687500717746606,0.020713082206129083,0.04117162749921545,0.05164594350883021,0.05047031996364226,0.09824702111496356,0.15805860752521397,0.2545941053575621,0.2411237899641131
150,0.015443579492603441,0.023990700828448785,0.01626319018924519,0.039207219325899406,0.020598088711880184,0.041171627499322495,0.04405193438129346,0.05100947472448475,0.09819487368675553,0.15602784849048476,0.2529176727053886,0.24112378996419334
151,0.01490865439369395,0.02398808143348942,0.0640488113136606,0.034100079392909724,0.021698585361533865,0.041136845991143645,0.04100046704591289,0.05155362917126224,0.09726568499740282,0.163290217156163,0.2058851537786272,0.24112378996420072
152,0.015335117598392204,0.023990447631774364,0.015866265586305335,0.036698362581882235,0.021583705075975526,0.04113684599127686,0.0414034802399513,0.051007994874927104,0.09934859146032105,0.15958758630167302,0.2529178126934377,0.24112378996408315
153,0.014532817334031736,0.02399044763186936,0.06443694984283431,0.03675013934752934,0.021642270895508905,0.04117162749926035,0.046154925530558034,0.05047031996363931,0.0972656849973911,0.1597304793449719,0.2027305476485874,0.2411237899638184
154,0.013997892235142391,0.02399044763179253,0.015618941883838595,0.03372059015172906,0.021698698570224707,0.04113684599119799,0.04100046704593541,0.05197398738927822,0.09787019447854658,0.16329021715616504,0.25457792750197167,0.2411237899641778
155,0.014053953504455222,0.023990447631797345,0.015991133416269322,0.03274789698615421,0.0694062223349131,0.04165743631354685,0.041277581391700666,0.05057111897973322,0.09819487368675933,0.16389472663732058,0.20709081915317087,0.24112378996417924
156,0.007913149137273106,0.023990700828509404,0.06483146248809063,0.038727641767060034,0.020598201920582565,0.041136845991211826,0.04703786709170693,0.05192049007974774,0.0983033355809722,0.16015731427474614,0.204259200875964,0.24112378996413553
157,0.01496496885968706,0.023990447631801,0.015866265586435495,0.03297361294849376,0.021527277401253948,0.04165743631354997,0.04308782033979314,0.0495593046083844,0.09726568499744451,0.16325543564809425,0.25472795570101764,0.24112378996404493
158,0.014424102243155105,0.023988334630185043,0.01613832235933364,0.035425707231467776,0.020598088711877748,0.041171627499266235,0.04052179232066497,0.05207567275410902,0.09830333558097772,0.16015731427475433,0.2560719124300871,0.24112378996412126
159,0.014964968859716129,0.02399070082841413,0.06443694984271625,0.03297587692525588,0.02152727740125654,0.041657436313639336,0.04129840500462221,0.049658623774909656,0.09787019447855318,0.16161834533640945,0.2088774312705083,0.24112378996399902
160,0.01491282143155249,0.023988334630264167,0.01556774292407937,0.03878089838225194,0.06940622233491073,0.041171627499225885,0.042483246766274914,0.05005144159517651,0.0982470211149506,0.16015731427476043,0.204109539082399,0.241123789964154
