,intasrelativeprobabilityoverfreshlyinfected,intasnumofinfectednbrsnormalized,intasconstantprobabilityoverfreshlyinfected,intasrelativeprobability,intasconstantprobabilityovertotalinfected,intasfractinfectednbrs,constasavgnx,intasrelativeprobabilityovertotalinfected,intasconstantprobability,constasnx,constasmaxnx,fractbyrand
0,0.0024517237195381433,0.005673832954122196,0.04177251944384803,0.041292602358918136,0.051848064893812204,0.07126220593860019,0.07284650136243126,0.10399445551340343,0.10894995023783745,0.13107396846087024,0.15500479066880654,0.2138293844478121
1,0.0012228647220272428,0.002812005307720799,0.04177251944384324,0.04414542994873872,0.04904794076158481,0.07125874095266821,0.07211905211734278,0.10467939437327016,0.11675686266585421,0.13316523942476957,0.1590999740764272,0.2039199762057531
2,0.0018847206985345187,0.005673832954121438,0.041534110075394814,0.04073550121234631,0.04956669490441331,0.07126220593860033,0.07247475734775892,0.10453495334309158,0.11622997126910367,0.13307476956309242,0.15953560086052399,0.20349288183301878
3,0.002951391331728939,0.002025145563064473,0.041782246077759294,0.043985645836297375,0.051879605044149145,0.07204560069732117,0.0729534657388351,0.1050191713309017,0.1056208742278047,0.1330077123661767,0.15540936289874263,0.2133197788872188
4,0.0012228647220283904,0.0020251455630643364,0.04183186440705275,0.04408608498554288,0.04946250674294641,0.07204882246832693,0.07358858057100012,0.10465436800414692,0.1187294895843405,0.1429018945195636,0.15562231882517807,0.19382605960680901
5,0.0026117768688947705,0.005630747128998047,0.04159345503860182,0.04077120549716442,0.049683788653761725,0.07125874095266999,0.0751566451177307,0.10374020310942315,0.11859672988571639,0.14291228305159803,0.1573789530969017,0.19066547159853936
6,0.0030599901741682413,0.0051286530971330815,0.04159345503859339,0.040714961800535215,0.0496899684655614,0.07204882246832935,0.07478289023117947,0.10476720167350141,0.11547235060687434,0.13367859571978974,0.15626894651478887,0.20279416420954546
7,0.0016154033236049222,0.005823530472038717,0.04183186440704396,0.04128914375774027,0.04931072335953457,0.07125874095266647,0.07350605286507396,0.1046540169316679,0.10792658550482438,0.13136992859275576,0.15538938378497824,0.216024626048071
8,0.0027289121121758585,0.004794990839714676,0.041593455038597675,0.04078825934569611,0.04893869258566122,0.07204560069732366,0.07374765514231588,0.10506486709795856,0.10933449369757499,0.1314592144187768,0.1561405182236205,0.21336334080058417
9,0.0030685265750109193,0.0022179289061040864,0.04154383670930691,0.04355770163480424,0.04943109520112594,0.07204906568325527,0.07289673028681724,0.10420512046477508,0.11668588766303216,0.14330756520727164,0.15646716467612717,0.19456937699236926
10,0.0018175052302937202,0.004935869754092713,0.041772519443845496,0.04116215727007301,0.05020884716399834,0.07204560069732206,0.07161045681483026,0.10407185120930729,0.11857562839566878,0.13092609312743775,0.1600537616750532,0.20281970921807724
11,0.001039649513918365,0.001976249018437432,0.041603181672502404,0.04403458803385441,0.04931280922503378,0.0720488224683291,0.07314488165186288,0.10388074932330545,0.10820628157016653,0.14704471258110147,0.15661571544786182,0.2010923594936264
12,0.0033378439499378207,0.005581850584370556,0.041782259956144666,0.04118395786354709,0.04992848036168198,0.07126220593860169,0.07358886195474817,0.10471610122279928,0.11581935026395737,0.145133244152867,0.15633205767482275,0.19133378607652166
13,0.0018570832112725713,0.004794990839715799,0.04159345503858994,0.04128914375774062,0.04944546191708267,0.0720456006973237,0.07168394291762645,0.10453955746120967,0.11849720775891,0.13175832166582768,0.15861596902542233,0.2038792657092786
14,0.00218240634461164,0.004794990839715311,0.04154383670930639,0.041348488720937354,0.04895343160604203,0.07204882246832897,0.07472310976358189,0.10515516040390707,0.10624341555658734,0.1461247732403974,0.15563267470605655,0.201248889640528
15,0.0017816623969077255,0.005630747128997523,0.04178224607776244,0.04116690401501904,0.04943109520112627,0.07125898416759559,0.07160696163215145,0.10534932099171242,0.12113017199570318,0.14319128307339082,0.15647506772032652,0.19119555559930698
16,0.0026117768688949804,0.004935869754092801,0.04159345503859788,0.0407746640983446,0.049409031941656134,0.07204560069732466,0.07303319641836592,0.10376636492162443,0.10979889667812773,0.1438340249642026,0.15626751454645207,0.2019296040723162
17,0.0015399825092414527,0.0020251455630639964,0.04153411007539561,0.043985645836296466,0.049003362878859154,0.07204882246832821,0.07407800203428111,0.10401028931042777,0.11590238831118266,0.1350111184115724,0.15776179658510797,0.20309933601624328
18,0.0013317946191830458,0.0030047886507593856,0.041593455038590944,0.04349489807042283,0.05039890669206873,0.07125874095266853,0.07587758563072007,0.1041098104464215,0.10513751453255295,0.13356046592169007,0.15600340773827068,0.21422863170665118
19,0.001940726456944361,0.002217928906103919,0.04160318167250685,0.0441113441801955,0.04965867727416524,0.07204560069732381,0.07095058566933263,0.10369289807946201,0.11835736071345387,0.13255333786939433,0.1590027561136248,0.20386560236749268
20,0.003337843949936464,0.0022179289061048115,0.0417822460777635,0.04366288752899201,0.04931280922503021,0.07204584391225279,0.07108618537261804,0.1039171139840783,0.10696099302419705,0.1436033878327621,0.16000818592287822,0.20206457426338656
21,0.001548187855366765,0.0029039876774700577,0.04178225995615235,0.04414888854991883,0.05143838046507664,0.07126196272367236,0.0717070839640228,0.104555606256641,0.11902459025760057,0.1437706403515517,0.1561884154636564,0.19166999647887054
22,0.0012228647220274974,0.00563074712899772,0.041831864407045054,0.04076645875221887,0.051694206088391884,0.07126196272367184,0.07382023390212936,0.10461785043240489,0.1160800517123963,0.13360517655370385,0.15624570344224578,0.20322288013476694
23,0.002308736023336,0.005630747128997456,0.041782246077764686,0.040713700618869204,0.051530362834830166,0.07126196272367356,0.0725452787760706,0.10460720570930927,0.10536067693958237,0.1460539355063439,0.15688152777967304,0.20132361988154965
24,0.002861662102686744,0.002025145563063658,0.04184159104095578,0.04397744049016901,0.04917195566469739,0.07204906568325471,0.07193392445185169,0.10370043965996646,0.11568708996349085,0.1329641047811887,0.15978214529108078,0.20400543530759424
25,0.002861662102687494,0.002117127932814865,0.041534123953780845,0.04414542994874332,0.051788852124922624,0.07204584391225127,0.07353836966580195,0.10407114535095555,0.10421955756422525,0.14603710696469147,0.15616262483418145,0.20147815564494378
26,0.0018175052302931258,0.0020251455630640827,0.04177251944384719,0.04347655607812637,0.04918985763666072,0.07204560069732548,0.0716025406136828,0.10443628541252929,0.11632520385039315,0.13436181404265257,0.15965489756823428,0.20329207386319095
27,0.003186985236025159,0.004843887384341366,0.041534110075396015,0.04076300015103771,0.050117365707182865,0.07204584391224847,0.07083816848212617,0.10409172082591757,0.11763406817218686,0.14552476438675102,0.1578988784098493,0.19152120725693744
28,0.0012003680464068391,0.0056307471289979965,0.04159345503859588,0.04066256100179409,0.05137514255853586,0.07126196272367506,0.0739596228636031,0.10351859173263356,0.1186327732656118,0.1319504879442479,0.1562806420475982,0.20393364564829983
29,0.0023363735105968323,0.004935869754092732,0.041782246077765615,0.040654355655668835,0.04954661064224932,0.07204560069732296,0.07512866273579583,0.10395081317035955,0.10678947659890468,0.1315600897554099,0.1576424037531902,0.21362749764864367
30,0.0009392560176048061,0.0058724270166631105,0.041782246077756435,0.040763000151039404,0.049216802448757556,0.07126196272367152,0.07332079529938207,0.10422461792658085,0.1083271925251686,0.13206049358173477,0.15635380208099015,0.2158774041506507
31,0.0019407264569436243,0.0020682313881891425,0.04177251944384513,0.04360700116697385,0.04953359022291293,0.07204906568325328,0.071685639890754,0.10406206384661906,0.10793686747538436,0.14328197193356854,0.1573746115899992,0.20468771090155694
32,0.0012228647220283353,0.00305368519538682,0.04183186440705524,0.04347655607812578,0.04915212892305312,0.07126220593860096,0.07300247465988981,0.10386274906802818,0.10786558834025987,0.1353583961774645,0.15637134026487506,0.21354014622523232
33,0.002743203441672007,0.0019762490184380044,0.04178224607775333,0.044107885579018014,0.049112163691618776,0.07204584391225065,0.07539710043652578,0.10451310482179624,0.10484724866106677,0.14599509490212728,0.15638123296902406,0.20109862648870908
34,0.0016154033236063185,0.002763108763094099,0.0417822599561483,0.043666346130173346,0.04897548659304183,0.07125898416759602,0.07213478215078394,0.10407568624668403,0.12083667267512796,0.14379403393484658,0.1569428714253585,0.19215436463353908
35,0.002336373510596753,0.002812005307719534,0.041772519443843456,0.043532442440147166,0.048784197614450034,0.07125874095266875,0.07466549725554045,0.1042443601387685,0.10536735176735389,0.1454127969935875,0.1580449692818757,0.2017687452934482
36,0.00160111199411042,0.002217928906104285,0.04160319555089777,0.044002699684826126,0.049304181207799204,0.07204906568325631,0.07415176597631086,0.10432512710486574,0.1179275722511479,0.1318435767896586,0.15704101346936392,0.20393276138165878
37,0.0015734745068494485,0.0027631087630935885,0.0418318644070513,0.04360354256579483,0.04875278607262747,0.07126220593859854,0.07240258303967444,0.10418142809617162,0.10806145280922981,0.13411144064206057,0.15649398887526553,0.21496212428358286
38,0.003310206462677173,0.0019762490184368144,0.04183186440705116,0.043494898070424226,0.05188657246227159,0.07204584391225155,0.07221548537660032,0.10424559402852207,0.11813825606722422,0.1434801915767745,0.15621168694787785,0.19116315166988848
39,0.0022100438318716138,0.0051286530971315055,0.041603181672505464,0.04078480074451484,0.048952202155518175,0.07204882246832515,0.07441968030634674,0.10416760893592297,0.11641725725043345,0.13402268284920626,0.1564517874915285,0.20379327919669535
40,0.0029371000022324046,0.005872427016664035,0.041534110075400976,0.04072190596499628,0.04983412737743109,0.07126196272367245,0.07189696488496139,0.10410782851349515,0.11737581414778835,0.13094428878032172,0.15961219824715359,0.20390127226588264
41,0.0020588507895455714,0.002812005307719307,0.041543836709302104,0.04415709389604614,0.052639721307052474,0.07126220593859946,0.07306466123411065,0.10451420280205403,0.11788881547804038,0.13105506375743367,0.15619631830749542,0.20280722447260074
42,0.003287378732338115,0.005581850584371036,0.04160318167250425,0.04071150319935151,0.05000760171589444,0.07125874095266996,0.07266340442257296,0.10406474462904813,0.10756281555422131,0.1425748878517331,0.1597411713391914,0.20094271934610378
43,0.0013232582183407707,0.0055818505843716615,0.041772519443852976,0.041170005281585244,0.04959303573453351,0.07125898416759449,0.07241646041631589,0.10371044445438506,0.11054370042001477,0.14361632519731685,0.15697931449149502,0.20203410159019375
44,0.0032207087066563754,0.002025145563064045,0.04153411007539839,0.04354064778627192,0.052699877312080576,0.07204882246832847,0.07307179871791543,0.10345716238799937,0.11514986829980171,0.14514641460609992,0.15676222711369134,0.19134321696269246
45,0.0015481878553661533,0.003145667565136668,0.04160318167250728,0.04408954358671893,0.04917195566469815,0.07125874095266882,0.07154280490997648,0.10351863528066609,0.11889531560334711,0.13405465874287437,0.15705001808928415,0.2041212900767558
46,0.0023281681644723743,0.0020848478608759234,0.04178224607776237,0.04398528850168379,0.04943795575105736,0.07204882246832893,0.07340167098378378,0.1040866899850844,0.10487314544730601,0.14668592640745293,0.15823394877318775,0.20105128957900426
47,0.0033378439499367712,0.002763108763094166,0.04177251944385464,0.04417068914339767,0.04969815536972087,0.07126220593860183,0.0715240040013648,0.10370526748440397,0.11988628499769703,0.13153334068681213,0.1567840262703555,0.2035625539507607
48,0.0032207087066567896,0.0059321293144758,0.0417725194438487,0.0412786497769553,0.049932933073336516,0.07125874095266825,0.07167263711349185,0.10374231915192014,0.10948162026739115,0.14360058823384111,0.1571282261523857,0.2009789278130287
49,0.0012085733925327503,0.004843887384340742,0.04154383670930683,0.04065435565567015,0.048876179984201865,0.07204906568325563,0.07374509803600426,0.1041985233018445,0.11832522403188347,0.14627009843990788,0.15731365986404913,0.19097149751700288
50,0.0023281681644713296,0.0020251455630636845,0.04153411007539689,0.044097748932846424,0.04889824324367031,0.0720490656832569,0.07334755072803831,0.1039671651095685,0.11770312537586575,0.14594814042788645,0.15644134486930056,0.19166019182663505
51,0.0013089668888441816,0.0028550911328452623,0.0417725194438549,0.043593048585008794,0.05263483975442686,0.07125874095266854,0.07343231085614937,0.10322518162325503,0.1191466583191816,0.13075612514951124,0.15622708846097233,0.20378942883328188
52,0.0018092998841679313,0.00517754964175896,0.041534110075394155,0.04066601960297581,0.050148082971805064,0.07204906568325446,0.07232968362068473,0.10431122754543005,0.11818308290497549,0.1467294108695904,0.1560601469739141,0.19100232022604885
53,0.002210043831871678,0.003004788650760714,0.04184159104096244,0.04399924108364798,0.04916369995188631,0.07126220593859957,0.0722491961495258,0.10398551022680942,0.11544675851526262,0.13580001465225577,0.15520169146235982,0.20583525849605802
54,0.0025841393816344867,0.0056307471289971656,0.04153411007539959,0.04066256100179404,0.04943597675374857,0.07126196272367366,0.07501220317026917,0.1041057950047175,0.11469339003993767,0.1464411894469631,0.1580429510847988,0.1905949741880663
55,0.0018847206985328968,0.004886973209466916,0.041603181672500544,0.040788259345694036,0.04957618006774624,0.07204584391225155,0.07213335014672767,0.10451234319540105,0.10802892449224286,0.13148428485168417,0.15976844837798557,0.21328749002976652
56,0.002728912112175328,0.005915512841789205,0.041543836709301014,0.04128914375773831,0.04917052004553503,0.07126196272367265,0.0754238604367727,0.10443537096169253,0.10511427040542587,0.14474007857731158,0.1561431014812629,0.20223342994732288
57,0.0018175052302933702,0.005177549641759228,0.04184159104095868,0.04115869866889427,0.0488709343996248,0.07204584391225041,0.07251007999809736,0.10365656401295358,0.10617795442191212,0.13417542405215924,0.15568273155714601,0.21688512306395086
58,0.002210043831871177,0.0027631087630934385,0.0418415910409569,0.04411134418019644,0.05052252158395361,0.07126220593859994,0.07259861374961096,0.1036868605958367,0.12047455033991847,0.14389816026617425,0.15556749825135816,0.19106350145842993
59,0.002493652536295269,0.00479499083971514,0.04183187828543979,0.04078825934569437,0.05240165173413649,0.07204882246832917,0.07137467764780146,0.10340825806829455,0.11608960910651422,0.13354400639358818,0.15769325726728528,0.20353093630690602
60,0.001817505230293848,0.005722729498749025,0.04183186440704185,0.04126734316426317,0.052316358840592984,0.07126220593860233,0.07191526629098238,0.104058325873365,0.11860292056021297,0.1441627337514547,0.1566425920944638,0.19040015434997784
61,0.0027289121121749377,0.004794990839715635,0.04154383670930497,0.04084414570771307,0.05060645440953115,0.07204882246832599,0.07295029028374199,0.10390683959069348,0.11820979200380348,0.13316537671614898,0.15594442978079145,0.20325610937805477
62,0.0012003680464064232,0.004935869754092577,0.0415438367093111,0.04066601960297273,0.048728424239817984,0.07204882246833157,0.07349175001726463,0.10364452844756854,0.10752729501836197,0.13300868928420753,0.15943921706040015,0.2137651793512648
63,0.0009310506714800377,0.0020848478608762066,0.04177251944384284,0.043421600525260326,0.04920913687892886,0.07204882246832753,0.0723215593466752,0.10496927085511541,0.11781209948650535,0.1441076604559038,0.15707970219403747,0.194241729813047
64,0.0014420479340713941,0.002812005307720406,0.04159345503859005,0.04398564583629697,0.05185755005714813,0.07125874095266758,0.07298239632630164,0.10445158879572297,0.1193817223654534,0.14240864880754944,0.15678313534659877,0.19104306323187914
65,0.002126400586200204,0.004886973209466134,0.041603181672501766,0.040679614850324966,0.048597706089150636,0.07204560069732481,0.07328244303571474,0.10422646571184033,0.10609361279421979,0.1463799323471811,0.15872497234719235,0.2013530966588831
66,0.001884720698533001,0.005036670727382275,0.041782246077759114,0.040788259345696666,0.04924411129280532,0.0720488224683282,0.07178928965821701,0.10407267487147831,0.10818722628136256,0.14455823380524743,0.15699530277631468,0.20361244199687542
67,0.0015399825092405075,0.005964409386414759,0.04178224607775879,0.0413348934735862,0.04874790452000558,0.07126196272367205,0.07451946054861167,0.10455131950113612,0.1158843514877419,0.14707001231913042,0.15695795161380918,0.19038550583889294
68,0.0026199822150209445,0.0028120053077198507,0.041772533322241095,0.04353244244014791,0.04943109520112412,0.0712587409526685,0.0726836654238159,0.1036409677009274,0.10397884065991099,0.13467232741405713,0.15721264413147767,0.21638475523088857
69,0.0018092998841672326,0.002812005307720339,0.04184159104095942,0.04398564583629533,0.05222313967175208,0.07126220593859867,0.07223807554340653,0.10430024737225507,0.10792532931353115,0.1439299595704003,0.15615351787492818,0.2015189826459856
70,0.0027289121121759764,0.005128653097132789,0.04159345503858909,0.04078825934569557,0.053031026283227936,0.07204906568325536,0.07195256761738411,0.10469822540024998,0.10726118421543217,0.13053888798967106,0.1570112052847387,0.21321855793244707
71,0.003593815167099299,0.001976249018437625,0.041603181672510335,0.04410788557901656,0.04868480690627929,0.07204882246832822,0.07191396752967916,0.10477674241097161,0.11747689705360392,0.14251951028535154,0.15989288656970047,0.19140523533902187
72,0.0018847206985335607,0.005673832954122291,0.04153411007538805,0.041243302826747937,0.04978382380018878,0.0712622059386008,0.07401810956624195,0.10429727252614379,0.11836518100182618,0.13088518243790578,0.15509750426258664,0.2059547539117143
73,0.0012813294015834539,0.002763108763094361,0.041772519443851616,0.04342505912643998,0.0491797842285579,0.07125874095266874,0.07359763701856706,0.10423989089326698,0.10737196573964813,0.14484168228414304,0.15635055512157975,0.20391772702659916
74,0.003310206462677353,0.0047949908397147386,0.04160318167250338,0.04067615624914686,0.048803092882373354,0.07204882246832883,0.07095201767338762,0.10466982377433429,0.10555983576541414,0.1336421839649676,0.16020624582560533,0.21373344242154652
75,0.0021824063446108234,0.002763108763093636,0.04184159104095982,0.04349489807042295,0.048907728407004136,0.07125898416759577,0.07436486119160386,0.10437427772786856,0.11680036530605348,0.14713995360557275,0.15620656647708647,0.19066525889812777
76,0.0018235912136640696,0.0059644093864148285,0.0416031816725043,0.04066256100179392,0.05184806489381301,0.07125874095266857,0.07167082083360056,0.10521942583391716,0.11635338436378442,0.14553564486728754,0.15695060086936274,0.19110957411118892
77,0.002945305348358725,0.002812005307719625,0.041603181672504354,0.04397744049017101,0.050423719120553614,0.07125874095266886,0.07253098092476565,0.10328843476750862,0.11750308711565915,0.13433725828993556,0.15595358568298678,0.2033662603271679
78,0.001917898726606771,0.002217928906104163,0.04160318167250127,0.043929402139666444,0.04939027355471341,0.07204906568325416,0.07115097604557638,0.10324189031067216,0.11782746252140905,0.1454034134905606,0.1575100171064274,0.19375848984250807
79,0.0017898677430325948,0.005630747128998165,0.04154383670931039,0.040713700618869426,0.05200314487728858,0.07125874095266875,0.07277727269381218,0.10439088212733996,0.11691705932165589,0.1343433912323617,0.15585416722053005,0.20277718937413242
80,0.00294530534835982,0.00563074712899748,0.0417822460777622,0.04116215727007217,0.05002550368785712,0.07125898416759742,0.07190559164220625,0.10482843595394846,0.10691849605645656,0.13181203999541455,0.15813721276580373,0.2135932799055242
81,0.001214659375902726,0.0028120053077189907,0.041782246077761785,0.043540647786271654,0.0491616140863879,0.07126220593860012,0.07310200441584083,0.1052953434666103,0.11794857910068492,0.1346942248275224,0.15600731924319186,0.20317915037350645
82,0.002937100002234109,0.0028120053077186195,0.041782246077757136,0.04404844940067746,0.0497402064666543,0.07126196272367356,0.07191933951828496,0.10396364978850434,0.10624435398501635,0.14382782894722548,0.15704841607604816,0.20441444170620546
83,0.0036214526543604476,0.0019762490184381735,0.04154385058769201,0.04349489807042405,0.049690088815985654,0.07204560069732323,0.07418948733131972,0.10350272982852973,0.10680407930947793,0.1320569001609681,0.1573786289719679,0.21369603455351321
84,0.0032289140527816083,0.005085567272007841,0.04177251944384555,0.041218043632091944,0.048807974434996494,0.07204906568325606,0.07143168099165188,0.10347830733531203,0.11788746568289662,0.14434557996418815,0.15951253380024014,0.1911823477067317
85,0.0034623885943224444,0.004995572051904847,0.04183186440704933,0.04071496180053193,0.05230369693423492,0.07204882246832645,0.07270478673512455,0.10387711931016505,0.10683444360707958,0.13177415800481249,0.15604666700661698,0.21340551907983146
86,0.002861662102686789,0.005722729498747743,0.041831864407045796,0.04115869866889274,0.04974385856875598,0.07125874095266818,0.07217621253269364,0.10352870426549696,0.12039106246302374,0.14350702293934628,0.15636493420601297,0.1914545093946292
87,0.0011809359052703387,0.002812005307720276,0.04177251944385407,0.043585200573498205,0.04890456041545759,0.07126196272367213,0.07209995779261198,0.10461313455802432,0.10888751424111331,0.14675387483750152,0.15703132230670028,0.20109701189457588
88,0.00233637351059697,0.002117127932815061,0.04183187828543069,0.04408608498554178,0.049398690363342275,0.0720458439122517,0.07209090134505172,0.10430236280189424,0.11025964276875909,0.14346922746488344,0.157036072639918,0.20102579398951503
89,0.0035795238376033008,0.0020682313881885904,0.04183186440705082,0.043607001166972297,0.049298070204651774,0.07204882246832897,0.07205294585539143,0.10352357148031739,0.11794357905800851,0.13380522862879432,0.15679099610144437,0.20345016540324817
90,0.0026759879734308606,0.0021171279328153682,0.04154383670930835,0.043476556078127865,0.05240250814911124,0.07204882246832933,0.07253150929699256,0.10359688450033736,0.1050737352151718,0.1455676287345294,0.15736077987014438,0.2016046230717015
91,0.003012520816598461,0.0019762490184376384,0.04159345503859323,0.04360700116697244,0.049714450648797016,0.07204882246832756,0.07350605286507637,0.10317160559865819,0.1103705057313914,0.13098258477368033,0.1554715246592024,0.21454522721426494
92,0.0035795238376032084,0.0047949908397157265,0.04153411007539921,0.040788259345695015,0.049180005208872904,0.07204882246833022,0.07114286143109094,0.1039635090890633,0.10720324374300638,0.13204248547972203,0.1570991673723425,0.21662302110915865
93,0.003193071219395608,0.0028120053077199114,0.041782246077758906,0.04365275088282214,0.0496643083735738,0.07126196272367273,0.07307837126580702,0.10392362851342611,0.10651061749336205,0.14427047132678125,0.15617803663218602,0.20367253018349454
94,0.002728912112176205,0.0022179289061042187,0.04178224607775544,0.043666346130174526,0.051565930624194026,0.07204906568325536,0.0727900920631506,0.10340033866365453,0.10602983936505805,0.14466948257914686,0.1576074890897658,0.2014923287055645
95,0.0027763814697452462,0.005823530472037447,0.04154383670930528,0.04077084816255281,0.04889824324367028,0.07126196272367274,0.0726525184984071,0.10491271887740979,0.10428482125644531,0.1463298164996326,0.15618741802886954,0.20455790405825197
96,0.003220708706656623,0.0028120053077198633,0.041543836709307065,0.043649292281641355,0.052100758346448756,0.07126196272367169,0.0729056858089001,0.10384150592877352,0.10521970895165471,0.13301946943152582,0.15723287914413173,0.21319218665956866
97,0.0014921820969551198,0.005085567272008066,0.0415438367093055,0.0413266881274625,0.049169331051296214,0.07204560069732459,0.07367891427579269,0.10332407435933437,0.10830538551775938,0.1340396773980008,0.15578953168971357,0.21419921080504714
98,0.0015481878553661494,0.005872427016663839,0.04153411007539794,0.04132668812746131,0.048866330788915,0.07125874095266782,0.07306503753132497,0.10412325860420826,0.11903799239369177,0.1430362012643338,0.15645585167483855,0.19387517371513052
99,0.0018235912136643818,0.002812005307719032,0.04153411007540116,0.044044990799495524,0.04893869258566188,0.0712622059385981,0.07139141903255855,0.10474588155719561,0.1181398610256991,0.14443650166284244,0.15758458874894357,0.19328615205222066
100,0.0012146593759028931,0.0023588078204808943,0.04184159104096114,0.04359340591962261,0.048897013793149355,0.07204560069732154,0.07264159062392593,0.10390354409117693,0.11797652559120428,0.14504960058608993,0.1564211745516936,0.19405648590847105
101,0.0016154033236070347,0.001976249018437661,0.04159345503858892,0.04360354256579396,0.04889701379314749,0.0720458439122493,0.07219424750505056,0.10521987900483765,0.11746640419022436,0.1454064960728676,0.1594364963082958,0.1905449692668998
102,0.0023363735105971293,0.0028120053077195953,0.0415438367093085,0.044040244054550474,0.050384615034857645,0.071261962723671,0.07224235047990361,0.1036628452157334,0.10652118246228942,0.14634097131620136,0.15732726931943494,0.20152634386573307
103,0.002728912112175489,0.004794990839716065,0.04154383670930268,0.04073895981352567,0.050100874072350046,0.0720456006973229,0.07476979596438416,0.10364021181909246,0.10469334971550914,0.13390968319107993,0.15660902983881178,0.21442475522672966
104,0.00245959473724799,0.005036670727382384,0.041841591040958116,0.040679614850326624,0.0490717175821339,0.0720490656832553,0.07552635759786805,0.10477475153116415,0.1172155464521712,0.14392594647148246,0.1556119210598831,0.19180722226612665
105,0.002743203441671449,0.0019762490184374384,0.04159345503859587,0.0439992410836473,0.04932441103476877,0.07204560069732246,0.07220275289307918,0.10361427217674594,0.11514013681827066,0.14703369709087033,0.1591845571414761,0.1911424235651144
106,0.003352135279433442,0.005581850584371113,0.04153411007539617,0.04067961485032663,0.04948594848284998,0.0712587409526678,0.0760034071961017,0.10407713520474036,0.11419940203750047,0.13474508177301503,0.1561120918653275,0.20297048169826976
107,0.0018902612393464936,0.0019762490184375473,0.04159345503859007,0.044034588033853586,0.04930611974882341,0.07204882246833087,0.07201165134978797,0.10435907628981475,0.10853670786873934,0.14648565774489428,0.15623359579102566,0.20152381540835615
108,0.003352135279433822,0.00276310876309374,0.041772519443849326,0.04360354256579259,0.04868272104078117,0.07125874095266602,0.0727837029231745,0.10396214100221435,0.11491335554770725,0.13405649206116585,0.15939761797885155,0.20345392244126986
109,0.0012813294015849548,0.002068231388187602,0.04154383670930985,0.04392594353848349,0.0515708121768187,0.07204882246832973,0.07233416931533669,0.10447873244886359,0.1075199066449527,0.13248608368364306,0.15693177313483744,0.21381035908965232
110,0.001890261239346758,0.004794990839714826,0.041841591040959664,0.04121930481375772,0.049610349461726044,0.07204584391225008,0.07231316862887745,0.10452686288959329,0.10826930985725419,0.14649049051699423,0.1556275985004076,0.2013702282991181
111,0.0016011119941106615,0.005823530472038164,0.04178224607776363,0.04078480074451368,0.052372326057810496,0.07126196272367297,0.07194262639448307,0.10431716632177006,0.10557726692017916,0.14671541599740548,0.15626224782811796,0.20155929846813478
112,0.0029453053483590587,0.0031456675651374325,0.04177251944385057,0.04347309747694686,0.049086084298095,0.07125874095266764,0.07524738120578799,0.10362325112614836,0.11455510480766756,0.1471886440539346,0.15646708446428984,0.19123711925711512
113,0.003352135279434041,0.005581850584371488,0.041782246077761896,0.040784800744515286,0.049016529219763995,0.07125898416759512,0.07555935051125343,0.10469372833413818,0.10652205075603725,0.13174302629141957,0.15582625401150182,0.213879044022208
114,0.0013232582183413868,0.0030047886507597425,0.041831864407053124,0.04342505912644042,0.0490619661468081,0.07126196272367226,0.07186179681369052,0.1051533745218923,0.1077430986528733,0.13361113411697279,0.15840787529757167,0.21331382132392426
115,0.002675987973430655,0.005722729498748848,0.041782246077753084,0.0412215022332729,0.049138693680816546,0.07125898416759495,0.07293047909158226,0.10431763498173484,0.11521655361312083,0.13340360916057506,0.1585171093955733,0.20381447012579673
116,0.003337843949937562,0.004794990839714874,0.04178224607775612,0.04078480074451479,0.04893869258565936,0.07204560069732209,0.07303266359696475,0.10388725411608961,0.11476854961485487,0.14692564533497582,0.15855389743645312,0.191147815005757
117,0.0031930712193961163,0.005630747128997882,0.041772533322244114,0.04077120549716333,0.049523077570878725,0.07125898416759593,0.07574844432757374,0.10381567958741754,0.10523983078440302,0.144888154844837,0.15612592005977535,0.20203235148971724
118,0.0029094625149726,0.005722729498747664,0.041772519443853684,0.041334893473586924,0.05033114850603235,0.07125874095266732,0.07116922037929162,0.10435332058512908,0.10867249444965527,0.13095713340575107,0.15779095415400357,0.21372738263630878
119,0.0030456988446708106,0.004794990839715657,0.041841591040954286,0.04060631730516166,0.049108010676579265,0.07204882246832815,0.07333407653869527,0.10341991372257976,0.10970052238486547,0.14326487571885016,0.15624284516945333,0.20259233529014617
120,0.0023424594939683244,0.005872427016663912,0.04153412395378307,0.04127900711156738,0.04975629074332525,0.0712587409526693,0.07375482466992465,0.10412831048248197,0.11473328401293567,0.1457502194122411,0.15847235814164226,0.1911179540087971
121,0.0033378439499362014,0.00221792890610398,0.0417725194438458,0.04406204464802726,0.04881257804570751,0.07204560069732405,0.07291179256793044,0.10411614895380647,0.10956560299026182,0.14418154251736984,0.15436631382922134,0.20261008345046524
122,0.0009310506714791328,0.003053685195387645,0.04153411007539986,0.044048449400675926,0.04924974239221564,0.0712589841675944,0.07276600372267521,0.10442300626568202,0.11891862790901374,0.13176514282938948,0.15654902421880426,0.20550217315168273
123,0.0027432034416707265,0.005581850584372002,0.04177251944384684,0.04134848872093708,0.04897498568010884,0.07126196272367155,0.07302414646852862,0.10447321534292675,0.10734728097951025,0.1436088771784179,0.15546743260067486,0.2043960368353345
124,0.0030456988446716593,0.0047949908397148635,0.04153411007539599,0.04060631730516285,0.04949613275877975,0.07204882246832703,0.07490294786471528,0.10416988328003207,0.10732637522843382,0.13169742508353305,0.156889058978446,0.21348823727278765
125,0.002210043831871768,0.005823530472037877,0.041534110075398895,0.041180499262368976,0.049207317285424476,0.07125898416759403,0.07321209365297493,0.10455583108640581,0.11543609930297583,0.13475061869775717,0.15498689973865215,0.2058439724265382
126,0.001884720698533075,0.0058235304720375474,0.04177251944385152,0.040735501212345086,0.049230312018616024,0.07125874095266602,0.0727322672296941,0.10469762019983227,0.10626440345651172,0.13391780109166576,0.15553439728584992,0.21614818593839696
127,0.0019407264569448687,0.002763108763093219,0.04153411007539489,0.043554243033623145,0.05130995907931346,0.07125898416759481,0.07342066515131773,0.104465783584529,0.1080676038445942,0.1317961176551177,0.15529086359453037,0.2145978345939467
128,0.0020588507895441615,0.005964409386415074,0.04177251944385169,0.04083055046036237,0.04909268341143143,0.07125874095267025,0.07215212748823817,0.1035666374843623,0.12097183250681659,0.1441722491800102,0.15726518006213389,0.19089421883416385
129,0.0029595966778538565,0.005630747128997676,0.041534110075392885,0.041162157270073024,0.04886144923628971,0.07125874095266607,0.07130840310586724,0.10433991168038625,0.1071369171336115,0.13200666435543493,0.1573274655064206,0.21647383687700628
130,0.0025841393816346744,0.004843887384341572,0.041841591040958345,0.041166904015020295,0.04968378865376206,0.07204906568325661,0.07375322882615648,0.1046167114195755,0.10412111421278668,0.1455951915135848,0.1556312329020863,0.20411314496683672
131,0.0036214526543603314,0.002855091132844721,0.04178225995614053,0.04366634613017261,0.04994113351656234,0.07125874095266885,0.07098307185334984,0.10444572196900384,0.11015943329711063,0.14345613038044921,0.15647886653155424,0.20135175162578284
132,0.0022100438318718046,0.001976249018437673,0.04178224607776114,0.04417068914339515,0.049197565850096575,0.07204882246833008,0.07215719744809167,0.10448827046273514,0.11534176182484072,0.14637551516642794,0.15690916637933333,0.19334247232867877
133,0.001214659375902371,0.005630747128997402,0.04153411007539392,0.04116690401502216,0.052244824764955594,0.07126220593859914,0.07295951638510703,0.10371301296663747,0.11885652413743711,0.13208209841590526,0.15601146355436993,0.20332393324167272
134,0.002328168164472127,0.005630747128997687,0.041543836709308765,0.0407746640983459,0.04984516879946153,0.07126196272367227,0.07283934256274303,0.1034081536839733,0.10703661522842177,0.14389031878153505,0.1599887047441456,0.20145231737492306
135,0.00285345675656177,0.0057227294987483015,0.04177251944385284,0.041275548510390093,0.04917421260391908,0.07125898416759387,0.0751974639834804,0.10425097348330778,0.10603862678272571,0.14458889295964056,0.15691597554835668,0.20095061626142313
136,0.002937100002233736,0.002025145563063489,0.04183186440704774,0.043593405919624705,0.051583465331701196,0.072045600697325,0.07163094961500716,0.10353301599932285,0.10455632067453764,0.14669360592916855,0.15729879636835728,0.20227072949261063
137,0.0026117768688944253,0.00508556727200869,0.04184159104095522,0.04127900711157092,0.05157081217681816,0.07204906568325589,0.07174894434873928,0.10344535376467895,0.10725139325850877,0.14461120510782108,0.1569103886733238,0.20159489469342473
138,0.0029595966778559104,0.002812005307719034,0.041534110075396403,0.04353590104132695,0.04946302255830957,0.0712622059385978,0.07604774611832786,0.10395742523087706,0.10718002910354767,0.14348215066137793,0.15628345094114862,0.2014823563455153
139,0.0030125208165986896,0.004886973209467694,0.04178224607775576,0.04129260235891918,0.049380788391379306,0.07204906568325468,0.07627824697710045,0.1038507013155201,0.11683071810278763,0.13113681093810925,0.1555229422764706,0.2039763838526366
140,0.0013317946191824998,0.002763108763093311,0.04153412395377844,0.044002699684828485,0.049723093568458256,0.07125898416759692,0.0727167251599294,0.10445430587924069,0.11558865028919701,0.1334323815766291,0.15716138798888146,0.20603274434918437
141,0.002584139381634893,0.0029039876774708713,0.04153411007539083,0.04409429033166541,0.05179656908983016,0.07126220593859707,0.07423984197331784,0.10475040059184537,0.11667062954883303,0.13166163460306718,0.155902325818922,0.2025998649694253
142,0.0016011119941099035,0.002217928906104862,0.041772519443845905,0.044167230542215066,0.04934178957098171,0.07204882246832921,0.072305621296028,0.10387140663219555,0.11612648701821435,0.13452944995911498,0.158664661687106,0.20335297048175435
143,0.0032542007042650097,0.001976249018437823,0.04183186440704363,0.043498356671602754,0.04962069104003985,0.07204906568325663,0.07191133428504282,0.10387613341707269,0.10940524169078629,0.1436689135372084,0.15739043304767925,0.20151751649756486
144,0.002667782627306239,0.00508556727200769,0.04159345503859401,0.041275548510387006,0.04907171758213596,0.07204560069732331,0.07116305629188449,0.10460920912122477,0.11739964771115212,0.1323552532213626,0.1598647843982905,0.20286837752833126
145,0.0030685265750105646,0.0058235304720369,0.04184159104095609,0.04078480074451403,0.048607191252488816,0.07126196272367186,0.0751450711996049,0.10386021173016567,0.1170064539077282,0.1452172716604909,0.15612093559388104,0.1912624530994512
146,0.0026677826273063462,0.004843887384341312,0.041782246077757434,0.04127554851038865,0.04971642964610642,0.07204560069732273,0.07157981694245814,0.10391492519362658,0.11771844731951021,0.14432922537928713,0.1591075432096437,0.19101854701225118
147,0.0033378439499369347,0.0030047886507595834,0.04177251944385108,0.044170689143396925,0.048537636174158176,0.07126196272367388,0.07249507361095911,0.105036645732491,0.10496833925763567,0.14535991676013896,0.15572738823598048,0.20432719631701812
148,0.0029513913317291028,0.002176830230627151,0.04178224607775973,0.043533703621810846,0.049253095543205866,0.07204882246832767,0.07218753348896315,0.10447049480151144,0.10690978420587027,0.13418884376261467,0.156384971042819,0.2141122834247611
149,0.003579523837603492,0.005581850584371399,0.041603181672499316,0.04129260235891896,0.049225708407906736,0.07125874095266967,0.07260545254663807,0.10454433744837913,0.11455180057961317,0.14571854306123425,0.15932192244184307,0.1907163361083227
150,0.002937100002233614,0.005630747128997884,0.04154383670930133,0.04077120549716409,0.0526711328488721,0.07126196272367283,0.07144822395004052,0.1038460117545857,0.10736370708022763,0.13059950542731072,0.1577382092516641,0.21418835762592947
151,0.0026759879734320796,0.005722729498748679,0.04153412395378394,0.040713700618869905,0.05215594670881861,0.07126220593860004,0.07168575641795837,0.10405727080153387,0.11845832456521506,0.13097229737493615,0.15799397492006534,0.20276768122803807
152,0.001789867743032573,0.0020251455630640462,0.04184159104095995,0.043476556078127476,0.04891138050910928,0.07204906568325606,0.07320157543045233,0.10419668876127448,0.1089658053174597,0.14486311188741777,0.15677202276047603,0.2019071892253704
153,0.0021824063446107007,0.0055818505843711645,0.04177251944385349,0.04123984422556875,0.049032613496438324,0.07126196272367097,0.07131715159834094,0.10437673955448244,0.10609325618402413,0.13359584831648272,0.1588695786562367,0.21467622887191967
154,0.0030180613574117125,0.0020682313881885146,0.041772519443850194,0.04403804663503479,0.0491656384929093,0.07204906568325503,0.07312120628903063,0.10419554121419018,0.1178307745135968,0.1315106880868341,0.1553420143777821,0.20588821251791664
155,0.0015399825092402082,0.002176830230626766,0.04154383670930234,0.043985288501683685,0.051626307609537646,0.07204584391225151,0.07238206407448418,0.10446277817179243,0.11875710711265572,0.13261983608250402,0.15575858198576267,0.20310154310015885
156,0.0022100438318705127,0.0027631087630936324,0.041782246077767184,0.04405858604684779,0.052565052664493975,0.0712622059386003,0.07123948858028055,0.10432313798770078,0.1057666101378876,0.13360677854848194,0.15607492036905415,0.21434782105392156
157,0.0016485813516792498,0.005581850584370808,0.04178224607776146,0.04060631730516114,0.04909268341143083,0.07125874095266894,0.07170823005755322,0.10460455603442786,0.10818314273920872,0.13460687354253506,0.15734441905204657,0.21358235889115615
158,0.001601111994110523,0.0055818505843710335,0.04177251944384982,0.04118395786354879,0.052046984594045206,0.07126220593859932,0.07242802212658975,0.10354062513411594,0.10850694852345512,0.1323688714570414,0.15565873919239512,0.214048163147878
159,0.0018092998841682494,0.005690449426809766,0.04153411007539505,0.04060631730516276,0.049092683411432164,0.0712587409526688,0.07321714553189344,0.10413090845930402,0.1084201864116718,0.14301285375916806,0.15705650203776841,0.2041708027445575
160,0.0015925755932674882,0.0027631087630934676,0.04177251944384713,0.0440939329970526,0.049853811719123405,0.07125898416759469,0.07225207711380843,0.10415853637756467,0.11839615109308697,0.13410641186112973,0.15655628132773367,0.20319560954269772
