,constbymaxnx,constbyavgnx,calcproductoverinfected,constbynx,fractbyrand,intensityasfractinfectednbrs,intensitybysizeofix,intensityasconstantprobabilityoverinfected
0,0.05996428613331035,0.07205130502297004,0.0902885971625811,0.10961858782984094,0.13009915302163125,0.14030429073986825,0.18158480646914407,0.21608897362065418
1,0.06020068640295006,0.07213192674449319,0.09678341949341218,0.10999694205863847,0.13328316328036358,0.12952253703465746,0.18435400632244045,0.2137273186630446
2,0.058904814141367806,0.07211548191972647,0.0974965667669714,0.10964085766558607,0.13349761960342643,0.1302830630059869,0.18158481188142775,0.2164767850155072
3,0.05996833410896626,0.07236116034012216,0.0938759823189176,0.10999090178743134,0.12557041268374766,0.14392468602425057,0.184915931316907,0.20939259141965733
4,0.0605091827016055,0.07236414683450222,0.09408881620188225,0.10961858782984238,0.1251201699081023,0.14054708247299832,0.18161880855087997,0.21613320550018714
5,0.059973433121520814,0.07234587751181572,0.09626657761012856,0.10999683442853418,0.12954622905134427,0.1370208350892267,0.18485993119860422,0.20999028198882547
6,0.05993346879228358,0.07211365742176362,0.09345802081103534,0.10962467447966341,0.13422107164671884,0.13662128644026286,0.18427035735134983,0.2097574630569226
7,0.05889878238122191,0.07295809428339808,0.0943774414277542,0.10962467447966433,0.12591726459445057,0.14071469750425036,0.184235660142813,0.21327338518644753
8,0.060218965443810266,0.07268912713211109,0.09381007526094891,0.10962452007434223,0.1336211776740855,0.13229775533119142,0.18428667227054918,0.21345170681296138
9,0.059998650780622456,0.0723613631019423,0.0938100752609462,0.1099909017874307,0.13316701630630765,0.1365004989254666,0.18494927411168122,0.20922221972560287
10,0.05889977031181242,0.07213192674450782,0.09457405646033992,0.10999683403193113,0.12930376945727243,0.1406345173859781,0.18483162993629002,0.20962749567186817
11,0.0605271765413927,0.07326845425415532,0.09395864384386911,0.1096351870599097,0.12839378494846837,0.13646439862427595,0.1815545516531642,0.2161978030747647
12,0.0602283529310307,0.07213005389003102,0.09395864384390354,0.10962441244423803,0.12954694507416054,0.14058426133725804,0.18158496628675666,0.21234236419262148
13,0.05889187285831777,0.0724819719143531,0.09395826263261348,0.11001327885667606,0.12919485952270618,0.14121422767448288,0.18204488807313327,0.21220063846771733
14,0.05887737964791822,0.07290191590301927,0.0970618507920203,0.1096185874332378,0.1299860842801489,0.13331520410112008,0.18473180761062952,0.21350717023190588
15,0.06018516647430433,0.07267263395088057,0.09626657761010822,0.10999694166203539,0.13308838693479916,0.129875297322418,0.18188877153843278,0.21602622450702152
16,0.0599917318284047,0.07297671385439437,0.0938924271436385,0.10962441284084223,0.12601596178739646,0.1397795252733806,0.18454944132220166,0.21316978594974148
17,0.058871944950929234,0.07284239559325412,0.09395864384393825,0.10963518705990893,0.12986651285485565,0.13712255712868807,0.18436515779837925,0.21333760077004646
18,0.05996810288500622,0.07240539782161651,0.09377824766174568,0.11000734661217507,0.12999337102262906,0.1395017518669471,0.18484606930237046,0.20949971282750998
19,0.05997179054768617,0.07213010224652786,0.093892891191317,0.1099968344285345,0.1256736117561805,0.14399591723052257,0.18170521065385548,0.2126336419453759
20,0.058856090625617016,0.07266817838153607,0.09460588405953411,0.10999694205863832,0.13378035744588887,0.13659847454512597,0.18152797153864442,0.21196610134501523
21,0.05913369698642606,0.07205119897408635,0.09468800996794069,0.1100074542422806,0.1335603062008501,0.1369022415293778,0.18425304774735923,0.20940404435167911
22,0.058906262673989976,0.07228524356216315,0.0940890421762317,0.10999694166203502,0.12961320298007695,0.1373240847777664,0.18148758433526904,0.21629763783246783
23,0.05993892863218926,0.07268907877565088,0.09091939255349908,0.10999683442853476,0.12580422638104688,0.14270866364863116,0.184517697764438,0.21342517781600995
24,0.060206574719987443,0.07270942936858191,0.09410526102663572,0.10961874223516496,0.13032361772562548,0.1351757355643042,0.18436688435845358,0.21349375500124662
25,0.058864819566403444,0.07205115061767181,0.09397524307397208,0.10999694205863873,0.1299246915884352,0.1368919839613245,0.1822659620994838,0.21602920703407053
26,0.05997341847131494,0.07236120869661943,0.09091939255351056,0.10999698883385724,0.13297014574317137,0.1393572303255632,0.1821678609216349,0.21225375445432837
27,0.05995160787985518,0.07234471551535565,0.093375359285976,0.10999100941753572,0.1332832038277472,0.1324764299167714,0.18214226461231198,0.21643540954444693
28,0.05890465973600435,0.07240722231958611,0.09459050128507368,0.109991055796151,0.13079069714281505,0.1359114437571535,0.18424016971142884,0.21316425025178748
29,0.05890545620569603,0.07240539782163426,0.09037087747627487,0.10999683403193097,0.1287961992438387,0.14049980853488658,0.18547774462326497,0.2135476820624736
30,0.05887376359309485,0.07265401437990125,0.09387598231889126,0.10961858743323842,0.1338469185569741,0.1374227550739728,0.18144244160210202,0.21226553704182521
31,0.058895474349746776,0.07257698396191209,0.0946223288842982,0.1099969416620362,0.12917332255632358,0.14086616625501516,0.18145530881360336,0.2124134735170646
32,0.06019636586695396,0.07234293937396691,0.09689737300101332,0.10964101167430514,0.12946224763323014,0.13737922176643086,0.1846673963076591,0.20941344437644052
33,0.05910833948523754,0.0720676437988712,0.09636424069821144,0.10962441244423893,0.133562006330777,0.13521513819413666,0.18208339972346815,0.211974819325059
34,0.061600317537556425,0.07291836072779938,0.09316283504529052,0.10999694166203466,0.12431212811621249,0.14024886260276997,0.18443561012348753,0.21332494418484899
35,0.06022652415311189,0.07271135991534469,0.09462232888430566,0.10961858743323778,0.12933019997397596,0.13525411949304839,0.18209971464260766,0.21613716550436798
36,0.06161578325116602,0.07205115061762193,0.09377847363607632,0.10999090139082686,0.12750992091752267,0.1368398649314164,0.18201433369916345,0.21619957155620625
37,0.059996792069190404,0.07213005389001428,0.09449193055195922,0.10999694205863847,0.12983451677403532,0.1351552496814485,0.18506369562097677,0.21333081935373702
38,0.05996551867737579,0.07261204835764337,0.09437759583306339,0.11000745424228099,0.13319727880813584,0.1314861152466109,0.18460042898972837,0.2137535598451614
39,0.05888192316506454,0.07234289101745223,0.0963805311176973,0.10999100941753397,0.1294988143991527,0.13872998729053615,0.18203942512676602,0.21213541846579706
40,0.05996403814689201,0.07241768896878305,0.09355552949382154,0.10964096529569003,0.13363949858061905,0.13619129291502652,0.18216166751035068,0.2124293190888172
41,0.06019237891960263,0.07234293937394891,0.0903708774763104,0.10999100941753537,0.12938720018885091,0.139523683011423,0.18193391968386707,0.21625799192846162
42,0.05887082211297253,0.07211360906528576,0.09088756495429785,0.11000745424228008,0.12960842931324063,0.14009475474268668,0.1815545570654618,0.2168628085037747
43,0.06159622685728314,0.0720677498477161,0.09437744142773288,0.10999694205863948,0.1240573642198433,0.1399199313236444,0.18148931089527726,0.21649503336986337
44,0.058877657473726135,0.07285888877450573,0.09636408629289574,0.10999698843725347,0.13280337775551643,0.13084152916144914,0.18465143570513043,0.21360603639952291
45,0.059945605333300324,0.07205312952086165,0.09160071222787498,0.1100074538456769,0.13354277357685482,0.13420063006839264,0.18217611228870975,0.21647358313832907
46,0.060206682350070956,0.07205119897414894,0.09646265702603925,0.10961847980313508,0.12931003502177335,0.13802914687422502,0.18483125778999343,0.20949054216061397
47,0.058886565034178835,0.07229986388890897,0.09697949890938164,0.10999683403193132,0.1294974852061318,0.13830156117205403,0.1842853232690664,0.20975286848834698
48,0.06162171418980945,0.07206759544240712,0.0935555294938752,0.10962441284084178,0.12847835081047504,0.14052294503069307,0.1848996163976526,0.20922983579424564
49,0.05996719878529463,0.07234289101741297,0.09028875156795113,0.10999694166203536,0.12943435661556865,0.13904860853219544,0.18547324046697092,0.21344801135257083
50,0.06051006482805853,0.07228337070768714,0.090402550670185,0.10999683403193143,0.1274582059844549,0.14085360573048442,0.1849224615362296,0.21357290651096902
51,0.05993246772766388,0.07205302347203733,0.09100174443619241,0.10999683442853492,0.12978091326777036,0.1386830107783035,0.18510502391233866,0.21344698197715897
52,0.05887401877361016,0.07234582915532678,0.09684948095665862,0.10964085726898311,0.1294706255994084,0.13463730382308223,0.18461781118202264,0.21356407324090815
53,0.05996206431618889,0.07234293937397457,0.09686554540176127,0.11000760864760185,0.1302214316342378,0.1328969385963125,0.18430262746078488,0.21340084456913816
54,0.05997683880476205,0.07271419200440835,0.09161715705264142,0.10961848019973691,0.13058960145232804,0.13766856643025094,0.18161708740316634,0.21619807665270593
55,0.05998065968752992,0.07234780805855148,0.09450783976006513,0.10999100941753488,0.1293870411109743,0.13926290856410706,0.18482974897090843,0.20969298443032885
56,0.05883832258802683,0.07242366714428863,0.09746473916775575,0.10961848019973768,0.12585169803163285,0.13796015577491613,0.1844356101235018,0.21340732697014037
57,0.059952220332881674,0.07328505348423128,0.09106742551980986,0.10999694166203487,0.12941658935288747,0.14213090956927454,0.18184930749319814,0.21230155258568206
58,0.061849357080778225,0.07267445844880326,0.09387598231892719,0.11001327925327894,0.1280112557886932,0.14001285868636792,0.1843330420942967,0.20922976632885462
59,0.05886989222413123,0.07241768896878176,0.09644621220131883,0.10963503225798324,0.12942322993658162,0.13503773380081555,0.1815719338454235,0.21659827676496432
60,0.059118090290554634,0.07267450680530334,0.09693145245973969,0.11000745424227963,0.12567711243165583,0.1382344359471124,0.18420166347334443,0.21315528435001002
61,0.05887953302677636,0.0720675954423809,0.09098529961146301,0.10999090178743226,0.12938177014697716,0.14017783787171315,0.18184930208085265,0.21666776003240457
62,0.06159739658020101,0.07228337070769549,0.09407259735145826,0.10963503265458646,0.1282202011188463,0.13570304347570242,0.18487280382235455,0.21361555428915555
63,0.05888879100478825,0.07284422009118788,0.09691381782575187,0.10999694205863862,0.1253962254688137,0.14186287951827214,0.18150324537973592,0.21259387865281165
64,0.060752446995903084,0.07241768896876258,0.09382667449102366,0.10999090139082753,0.12858974761125455,0.13697177286286297,0.1814875897475326,0.21596317793183298
65,0.06000174744918994,0.07205119897418245,0.09686554540178655,0.10963507903320115,0.12961398288134798,0.13362433011728483,0.18206399682539534,0.2161441193176117
66,0.060502304789276026,0.0729808191754217,0.09389273678596258,0.10961858743323834,0.12484804473707062,0.14046429411280878,0.1816059359271629,0.21608727703905908
67,0.06052309349906604,0.07213208114985287,0.09397486269433915,0.10999694205863844,0.13149597068893368,0.13350044068768152,0.1846372140799333,0.213739395141555
68,0.05910842491397479,0.07242199705167031,0.09389220116930339,0.10999683442853499,0.1299460275067119,0.1368974292313525,0.18430263287305523,0.21343445282539691
69,0.06159171863478596,0.07205302347205221,0.09679986431817358,0.10999694205863951,0.12804319407344678,0.13376729945242594,0.18161536084314128,0.21613259714733474
70,0.0599812721404799,0.0729049023974282,0.09160071222785067,0.11000745384567653,0.12943635542062232,0.14222724655730307,0.18144244160221168,0.21239961580842767
71,0.06162258226738891,0.07206946829681572,0.09693145245972434,0.10999683442853525,0.1284935902156411,0.13288926462286185,0.1815830853214564,0.21641372238757642
72,0.05995025186929927,0.07230001829423245,0.09468800996789807,0.10999694205863793,0.12556311590145738,0.1386611784580516,0.18519796552563933,0.21364251792478403
73,0.05887968026682044,0.07292018522572956,0.09381007526094981,0.10999090178743136,0.12579115956179507,0.14500600180071063,0.1814407150421473,0.21216128105441587
74,0.05997753746971533,0.07205297511555167,0.09095347201224313,0.1100132792532788,0.12604592052325794,0.14273694469960152,0.1850749960900169,0.21314487483633468
75,0.05888319848809573,0.07271120551002486,0.09093583737824484,0.10999694205863848,0.129834215239682,0.13992664643376523,0.18433460883669764,0.2133773460548512
76,0.0589072601628443,0.07234765365326924,0.0936961217534024,0.10964085726898336,0.1257951434432256,0.14067564161889562,0.18489018601450313,0.21404713608487633
77,0.05911052441597715,0.07243408543703703,0.09429531551941037,0.10999100941753444,0.12539961457228477,0.14045269861884002,0.18206587237839975,0.2162508796405165
78,0.05996560410611157,0.07313418434960835,0.09688199022656002,0.10999100941753519,0.12893084253343917,0.13300456059867877,0.18190373204380017,0.21618807672426663
79,0.061591819853944255,0.07234289101744297,0.09704540596729493,0.10964096529569142,0.12475365929345261,0.13622409692237236,0.18495272181946795,0.21344843983033343
80,0.061584887108263126,0.07234471551534925,0.09382667449105683,0.1096245204709455,0.12874022238012361,0.13990117338709102,0.18156914542465344,0.21240866122251723
81,0.058884149835895586,0.07240539782160713,0.09160086663315903,0.11001338648678029,0.12961549324473057,0.13985168263393452,0.1814424416021432,0.21618658174174965
82,0.05886973781880928,0.07319862170047108,0.09439388625249968,0.10999100941753519,0.1291005193027102,0.1404105266141098,0.1815736604055008,0.21246203848836398
83,0.05997019459171245,0.07243590993491575,0.09400669029355034,0.10999116382285745,0.12541753998824295,0.14004409020342135,0.18167466169220992,0.2164597494730898
84,0.06022737722331812,0.07261037826507423,0.09377847363609199,0.10999100941753609,0.12927660863876425,0.13603551629366864,0.1842853232690531,0.21379531325649362
85,0.05996810288501634,0.07257698396190317,0.09402313511830555,0.10999683403193192,0.1294748161113829,0.14031498072927662,0.1815719338454709,0.21207321331671264
86,0.05998987745426465,0.0724195134666923,0.0964628114313513,0.10961847980313473,0.13028411166323497,0.1328699411623136,0.18180415393544758,0.21655111108356082
87,0.05890036820161097,0.07271120550998526,0.0915350311442655,0.10999100941753548,0.12566279192202393,0.1434920425782139,0.18431722123218777,0.2133903299941773
88,0.059959857184102405,0.07205130502295223,0.09384415471968528,0.10963503265458621,0.13038060418946498,0.1365463800218617,0.181602488219391,0.21598017798795616
89,0.058898044736565236,0.07236232233654226,0.09091954695880425,0.10999090178743076,0.12553986056039196,0.14350197206526777,0.18246239019543428,0.21632496135956353
90,0.06020098220329897,0.07234293937394405,0.09390918161072771,0.10999694166203582,0.12954146598108204,0.13631644645903532,0.1842418962714318,0.2134501464384443
91,0.06023085630738525,0.07261022385974245,0.09694789728447185,0.10962452007434201,0.12977734858779502,0.13279774352469415,0.18187146193442463,0.21613994842714465
92,0.05997522270747953,0.07206962270211315,0.09738261325944636,0.1096185878298416,0.12956144904667322,0.13251801565482316,0.18498003582526976,0.21389445297435317
93,0.05999984196250299,0.07261032990857262,0.09405721457702218,0.10999683442853414,0.12578184511644427,0.14364605855804446,0.18184120711852156,0.21206666833035773
94,0.05998137977060695,0.07206941994029815,0.09678341949338305,0.10962441284084211,0.13391019552406142,0.12932258660081045,0.18484397600841082,0.213464609821587
95,0.06160136132636781,0.07243408543701264,0.0940066902935322,0.10999100941753467,0.12842191975216882,0.1356231084459158,0.18183643486946297,0.21608539045800507
96,0.058875484740837786,0.07265001510763358,0.09088779092859894,0.10999694166203597,0.13280803253721776,0.13698600680140524,0.181442436189864,0.21635329203240658
97,0.0618462458489227,0.07211360906530832,0.09329323337762174,0.109991009417536,0.12416586870656497,0.14092343395463347,0.18152228154377328,0.21614431808563941
98,0.06156946043346858,0.07319679720253953,0.0935719743185645,0.1099968344285349,0.1272128050492805,0.13654153828784776,0.18435229058700606,0.21355829969275808
99,0.061788173562639305,0.07241768896880892,0.09040255067012996,0.10999694205863807,0.1286229374834784,0.14298680315465614,0.18425476889513734,0.2095301352065119
100,0.05998952469626378,0.0724176406123135,0.09459050128512124,0.10999683403193167,0.13329589148286636,0.13600883411230774,0.18436343665065144,0.2093373371285443
101,0.05890156001612855,0.07240717396301366,0.09108387034455263,0.10999100941753524,0.13344799473971486,0.13588595332809883,0.18209080940084157,0.21619162879011466
102,0.059969583415570314,0.0722998638889031,0.09080543904593132,0.10961848019973905,0.12986799326982865,0.13916033805725864,0.18465008670364547,0.21362821541912347
103,0.05887957263676898,0.07228337070767696,0.09161715705262669,0.10962467487626779,0.12986696563488576,0.13937182408301263,0.18145530881357788,0.2169011261951832
104,0.05911607732268357,0.07240539782162007,0.09697987928898598,0.10999090178743105,0.12994568495368378,0.13348375998103731,0.18188877153843272,0.21618952730612565
105,0.06023589770964706,0.07205297511552676,0.09335960448321796,0.1100074542422795,0.12552763159230165,0.14482683022744375,0.18435056402696512,0.20963904260261818
106,0.06158992851047631,0.07267263395086324,0.0940572145770167,0.10999100941753485,0.12775292491954982,0.13964904341847986,0.18172447381148765,0.21256277139459165
107,0.059079052584642175,0.0720511989741597,0.09381007526091675,0.10963492462787858,0.12948624874094555,0.14193643189735108,0.18153859646301732,0.21246347145108893
108,0.06185499637275956,0.0727258258368308,0.09689737300098286,0.1096245200743424,0.12825424486221118,0.1367917665628339,0.18433116112897174,0.2095201121610675
109,0.06020093542812114,0.07205115061759951,0.09405721457703162,0.10961863460505987,0.1260448989938537,0.14420690794153082,0.1842227929314255,0.20959746490537778
110,0.05910982653419184,0.07241768896881037,0.09684932655137603,0.11000745424227941,0.1255696698011527,0.13773366253239325,0.1819998943330031,0.2163124770367933
111,0.058905650221044166,0.07205119897414239,0.09738261325939815,0.11001338688338337,0.12912705980603886,0.1335561389914144,0.18211358195109065,0.21685036991348797
112,0.05997979161003201,0.07205119897411708,0.09646265702605492,0.10999100941753605,0.13431704268408853,0.12945626932248802,0.18145531422589478,0.21628671673978864
113,0.05911623693876962,0.07205297511557324,0.09389242714361809,0.10962456724616332,0.13001532132000893,0.13689748991707337,0.18479469044074914,0.21360629187804425
114,0.05993952652188357,0.07230164003033974,0.09148675872030815,0.10999100902093127,0.12956517148786997,0.1389645079088439,0.1816059359272199,0.21614545038260347
115,0.060522984378174195,0.07205115061761413,0.09027215233785935,0.10964101167430496,0.12765855255114358,0.14127048303229928,0.18173719202981797,0.2168464733787866
116,0.05887065191718742,0.07313596049101904,0.0934734035854702,0.10964096529569096,0.13339374458194442,0.13341924407312253,0.1819193205001014,0.21614670955546406
117,0.05889336820389181,0.07241946511020919,0.09389273678597293,0.10963503265458671,0.1303066921432882,0.13649832430621037,0.1845651077790221,0.21378927301681871
118,0.05912723639212416,0.07206759544236803,0.09387598231889811,0.10962452007434177,0.12648149157645897,0.14083320490770684,0.18153724746156719,0.21645272182653505
119,0.05912867014740905,0.07267278835624912,0.0932767885528732,0.10964085726898261,0.1292764032869989,0.14220801947160275,0.18153687531527146,0.2122595976006129
120,0.058873933344845975,0.07228341906420752,0.0946880099678704,0.11001327885667739,0.13352553453064658,0.13224949592440952,0.1842513211873808,0.21411500712396184
121,0.05887965806560398,0.07326840589761846,0.093974553052002,0.10961858743323868,0.1260548866828714,0.1404843350751213,0.184565256772065,0.21315431702147922
122,0.059990284699733276,0.07268907877559187,0.0937782476617224,0.10999683442853482,0.1256058069798714,0.13949282738272184,0.1843522851746809,0.21409463489714348
123,0.059940268130753455,0.07240722231954662,0.09738261325941573,0.1100133868833839,0.13334778638239136,0.1329151601933063,0.1819193205001093,0.2120742423310934
124,0.05910991196300757,0.07205302347205786,0.09160086663319578,0.110013386486779,0.12993468024676263,0.13916825043952252,0.1814920993161403,0.21662778144253442
125,0.061596482481844905,0.07206774984767637,0.0939748626943622,0.10999100902093004,0.12464293291550169,0.14031144909863275,0.18424017512364074,0.21317533881741135
126,0.05887925520095899,0.07211365742177922,0.09316283504530358,0.10964096529569038,0.1265798777640242,0.14135779352864916,0.18167466169220575,0.21659095405138873
127,0.058878044547874264,0.07240722231956848,0.09382652008569928,0.10999683442853522,0.12636082087601996,0.14446486600509445,0.18198529313326667,0.2120803986039417
128,0.05886507519094797,0.07205119897413134,0.09324496095367753,0.11001338688338291,0.1302974950687011,0.14188428753630325,0.1814424416021806,0.21220115379067533
129,0.06072955265768161,0.07240722231950844,0.09150320354505205,0.10962452007434198,0.1278356064628263,0.13997234521156726,0.18463894064001263,0.2132886090890097
130,0.06048638928278295,0.0731966427972559,0.0934734035854624,0.1096350322579838,0.12794874592531277,0.1373825076935202,0.18157021269771906,0.21630706575996284
131,0.06181638945555282,0.07234289101743252,0.09101811769193302,0.10999694166203562,0.13133853863644301,0.13493104804995662,0.18241137806781121,0.2161446954188351
132,0.05885444855878789,0.07277188781626613,0.09344157598626195,0.11001354089210205,0.1338474106520127,0.13736274591102746,0.18431828850528187,0.20939010167825994
133,0.05889700732730856,0.07261204835767973,0.09316283504533673,0.10963492462787927,0.1299636252479167,0.1416043482959229,0.18186031045849235,0.2122649006394637
134,0.05997636774681381,0.07264990905878965,0.09757869267536076,0.1096408572689831,0.12593884287757845,0.13666426942220783,0.18147314496919,0.21607791598107642
135,0.05996238891722547,0.07272881233124416,0.09738261325943415,0.10962452047094587,0.13412503277286056,0.13237381164571294,0.18153687531519283,0.2122659452873839
136,0.059927829500405365,0.07257511110748555,0.09450852978201203,0.10999090178743069,0.1254295806622564,0.13951091879108451,0.18424016971137508,0.21381695865795033
137,0.060217013181932476,0.07270942936858649,0.09460588405956942,0.10963492462787958,0.13001338939374316,0.13931507928330816,0.18152264827781928,0.21198163180716156
138,0.05999576958626646,0.0723477020097633,0.09150320354507577,0.10999100902093133,0.12620890575484467,0.14211576639542783,0.1815545570654386,0.21628308662225199
139,0.05993940005324502,0.07234289101743534,0.09377847363608083,0.10962452007434169,0.12686768026602097,0.13992789222757457,0.18435229058700453,0.21316685213829703
140,0.05912714301496716,0.07234293937396515,0.09093583737823223,0.10999694205863841,0.1327884510591579,0.13698261023424219,0.18153342760745733,0.2162926492733396
141,0.06050475375239955,0.07206941994032728,0.09757869267537696,0.1099910090209312,0.13165089818953488,0.13371587711484909,0.1849817569730729,0.2095075923335081
142,0.05997522270750026,0.07236120869661407,0.09704540596727852,0.10999694166203608,0.13296890251357,0.12936634548853695,0.184912489021392,0.21337348394307218
143,0.05891224053692005,0.07211376347059699,0.09440926902698255,0.11000734661217688,0.12895392668577715,0.14090085370499147,0.18184758093315542,0.21285501902939952
144,0.058903684028469946,0.07205302347207668,0.09337535928600389,0.10961874223516457,0.12990322770092147,0.14143778781403005,0.18501403790705737,0.20969413755627592
145,0.05910074392429838,0.07211360906530384,0.09095362641754744,0.10963503225798295,0.13384472577300952,0.13993529733320564,0.18148931089526624,0.21292765433338606
146,0.060508214269016085,0.07278828428448063,0.09106742551981262,0.1096245204709461,0.12454395696181168,0.1434208295945752,0.18203201544941092,0.21601475344994683
147,0.06052426322209661,0.0723622739800545,0.09035427824622674,0.109991163822857,0.1312620778076432,0.13650166114444484,0.18526012371694964,0.2137441580597275
148,0.058886162169530874,0.07228524356211005,0.09376202881134733,0.11001327925327956,0.12934899275414513,0.13766666659754503,0.18436516321071297,0.213672463641329
149,0.059940375760892936,0.0721301022465136,0.09384430912503497,0.10962441284084185,0.13031270543962695,0.1361091369110804,0.1844723952137127,0.21356656246229658
150,0.058853130841498805,0.07211365742178219,0.09035427824623606,0.11001327925327954,0.1331654033477099,0.13744192961376397,0.18432000965299142,0.21373831162273818
151,0.06050155249425507,0.0724072223195199,0.0941052610266716,0.10961848019973816,0.12475003368570503,0.14075765095719034,0.18445673416919187,0.21340306514772803
152,0.05891022742013297,0.07257511110748753,0.09410526102665753,0.10961874223516455,0.12982391887193293,0.1369012477345925,0.18150496652758136,0.21656052507645068
153,0.06161016152090791,0.07205115061765906,0.09399130751905725,0.10999116342625355,0.12812323065003622,0.13610059237442917,0.18161536084316612,0.2165170330484907
154,0.05885267279378135,0.07259160428875266,0.09704540596732594,0.10999090139082711,0.12944451529842307,0.13387769065129285,0.18212923758328345,0.21606797202631353
155,0.05996500621641288,0.07240717396301245,0.09088756495429531,0.10963492502448359,0.12981100353761044,0.13851121135941816,0.18228055587097056,0.21650255907379667
156,0.058868784312510226,0.07284239559325376,0.09468800996795067,0.10964096529569049,0.13340079380143804,0.13265308696885497,0.1842832299750224,0.2136227340852795
157,0.06185760737924428,0.0720530234720683,0.09636424069823278,0.10964096489908697,0.12826726045113657,0.13424539391098222,0.18423566555516202,0.21333584363408684
158,0.05996489043395987,0.072051150617665,0.09759513750013524,0.10962452047094587,0.1341949700866493,0.12897719441306346,0.18420166347336778,0.21339047300421354
159,0.05997360918985288,0.07315255972103717,0.09397486269431353,0.10999090178743175,0.12937325007296002,0.1353677045155401,0.18428876556460302,0.21387834645426146
160,0.05996312251102029,0.07326860865948932,0.09095347201222367,0.10964085726898391,0.12605719490006542,0.1425334587693284,0.18167293513216098,0.2159103507467281
161,0.05997467923106238,0.07257511110746712,0.09644621220129919,0.10963503225798349,0.12975076136360095,0.1338688425321799,0.1842418962714195,0.21350746503498752
162,0.05888217600524759,0.07267263395085208,0.09379469248650539,0.10999694166203584,0.1255182158484567,0.14530394360582294,0.18147471712382932,0.21235667931725008
163,0.0599584842836259,0.072668178381524,0.09757869267536806,0.10961863460505983,0.12593376943168857,0.13669022371015319,0.18420338462109123,0.21334863229148923
164,0.05998850221347042,0.07261017550323616,0.09415472325988722,0.11000734661217527,0.13305856676843006,0.13210937265427192,0.18450294417540863,0.21356836881312022
165,0.061587018285755864,0.0723641468345429,0.09381007526094869,0.10999694166203598,0.1319558434563942,0.13192225719779666,0.1819852985455199,0.2163784187570058
166,0.05998987511386381,0.07241764061228348,0.09093599178355251,0.10962452047094536,0.1306414852964603,0.13871883284818906,0.18428322997508165,0.2133884238996238
167,0.060239606831160565,0.07290378875751079,0.09337589490266401,0.10999100941753574,0.12935617011439277,0.13592458216929165,0.1843505640269548,0.2138583837804896
168,0.06051887955466323,0.07234293937395293,0.09390864599406591,0.10999683442853625,0.12792154697675032,0.13707598067659624,0.18231179995936855,0.21592337303606662
169,0.059136459970911916,0.07205115061762647,0.09037072307098735,0.10961858782984167,0.12991149704019353,0.14005147996760525,0.1821309641432736,0.21672913735956015
170,0.05997365674816121,0.07290196425954734,0.09390880039940688,0.10999100902093215,0.1294476660170249,0.13592213435131206,0.18427035735133332,0.21358441185228214
171,0.05884870163676065,0.07270938101212722,0.09382652008571417,0.10999694205863857,0.12588045656361813,0.1406782777913279,0.18445516742675555,0.21360455342505777
172,0.06074546960579977,0.07242184264636066,0.0914046328119001,0.10962452007434108,0.12864630603689522,0.13957895162470893,0.18144071504218723,0.21613756215780702
173,0.060229895163055554,0.07205115061762077,0.09324496095365246,0.11001338648678072,0.12997132311923007,0.1360390148260836,0.18435401173479946,0.2140962570987773
174,0.05890542659439249,0.0723611603401123,0.09689737300103093,0.10961848019973866,0.1297780125904633,0.13465006115108435,0.184557007404348,0.21323247871883003
175,0.06162025282017473,0.07263761791165059,0.09389220116933843,0.1096409652956906,0.12417194528227532,0.14378922083465853,0.1820466092208528,0.21220118746535907
176,0.05994406310121265,0.07205302347208203,0.09686577137610625,0.10999090139082861,0.12923253779470956,0.1337381435285157,0.18226596209955395,0.21590959723699127
177,0.06019274217420298,0.07205115061765145,0.09748118399250863,0.10999090139082715,0.12940148599481793,0.13663106038326608,0.1847835389647673,0.20946793648195844
178,0.05996056885940943,0.07235933584218594,0.09633225869370614,0.10999100941753452,0.12576435337248335,0.14093505812125443,0.1823937331949918,0.2122636824984343
179,0.05912513024623735,0.07213010224655741,0.09437744142774804,0.10999694166203612,0.13348108403746742,0.13323385255334375,0.18423393899510732,0.21342150883150257
180,0.059933335805191126,0.07236414683448808,0.0910015184619001,0.10999698843725349,0.13013124609236826,0.13868112489639275,0.18432173080072045,0.2135699086716857
181,0.059959857184098554,0.07236120869664549,0.09335945007791563,0.10999100941753473,0.12966905254332414,0.14086568525064744,0.18456510777903085,0.20922862905080308
182,0.05997461025444846,0.0723429393739501,0.0940066902935491,0.11000745424227924,0.1261951468289258,0.13928828438476903,0.18157036710306007,0.21661450751901817
183,0.05887382571472625,0.07249659224119058,0.09335891446124546,0.1099910090209317,0.12556316289247063,0.14529807632807007,0.18232482698842267,0.2120935923529425
184,0.06047173543470644,0.07228337070767835,0.09148675872030297,0.10964096489908717,0.1243400571477368,0.1481755868909082,0.18145358766578654,0.21214793853379352
185,0.06158631245568769,0.07284422009117743,0.09098529961147032,0.10964111970101198,0.13182547530039987,0.1349216067582512,0.1815049719397783,0.21669099414222326
186,0.0591367005881494,0.0729662472050881,0.09644621220130994,0.11001338688338391,0.12937956285478602,0.13839796494439138,0.18427051175668518,0.2093894135662061
187,0.05889751215021289,0.07266635388357409,0.09100151846186566,0.10962467487626881,0.12928065376281964,0.13993240895910422,0.18485993119858654,0.21373694670756813
188,0.06181930018709502,0.07205297511560342,0.09442571385169388,0.10999694205863879,0.1239343180836554,0.1401747537774401,0.18431565990207996,0.21328033702379345
189,0.060003120349655624,0.07243408543701337,0.09468800996788951,0.10999694166203516,0.12577243358906945,0.14257726432747023,0.18484434274237843,0.20968380192448824
190,0.05996567308278155,0.07205115061761212,0.0974811839925112,0.10999100902093255,0.13002086366112764,0.13269717912247264,0.18170521065388515,0.2160877298486771
191,0.06048381063710773,0.07297686825973729,0.09470445479264418,0.10962452007434334,0.12797892132916572,0.14023111039954267,0.1815049665275571,0.21249534797990197
192,0.05887741242883312,0.07211543356322314,0.09038610584542639,0.10964085726898319,0.13364325434663205,0.13730764938459847,0.1818364294572301,0.21619285770507352
193,0.059934444499858734,0.07206941994035193,0.09460588405950358,0.10999683403193156,0.13354943381821574,0.1355317125392423,0.1845651023667733,0.20974716874412297
194,0.05910140648404106,0.07205135337947007,0.09108387034457298,0.10999694166203511,0.1288183396989002,0.1446705513453676,0.18153515416746632,0.21274238291814668
195,0.0599545821032155,0.07265168520027254,0.09345802081102163,0.10961858782984266,0.1339693207594188,0.1324892639655106,0.18423581996049962,0.21362271937021868
196,0.05999234428138798,0.07305561712678935,0.09095347201221063,0.10961847980313508,0.12966563646146367,0.14274049238147204,0.1815882541769038,0.21238570375663746
197,0.05885534482853687,0.07234289101743081,0.09450783976007816,0.10999090178743155,0.12969258195759503,0.1365338047903462,0.18157087198466973,0.2165057638739117
198,0.059150207548932146,0.0720677498477041,0.09689737300099716,0.1099909013908279,0.1298025979723454,0.13387514142266893,0.18191932050010617,0.21629670831641815
199,0.061618005068298454,0.07261037826504506,0.09431176034414097,0.10999683403193142,0.12385952824616989,0.13940834055017715,0.18212271277620617,0.21607244071803094
200,0.05998572521132883,0.07259155593220452,0.09100151846183957,0.10962441284084148,0.13331507099559245,0.13581505094798274,0.184270878490758,0.21339578711945234
201,0.059990998371898495,0.07259175869406392,0.09678341949341121,0.10999683442853515,0.1329429103581164,0.12895728885308086,0.1821778334365233,0.2165589563643707
202,0.06073838861022083,0.07211360906529372,0.0934734035854884,0.10963518705990981,0.12767844109768836,0.14221671401577204,0.1815205549837233,0.2126237015819036
203,0.05890651829858549,0.07211360906524852,0.09317927987002692,0.10999116382285688,0.12952036514484336,0.13734187186239305,0.18226595668723497,0.21668123524881083
204,0.06020487871518704,0.07240534946514238,0.09093583737824584,0.10999090178743068,0.1331698868615766,0.1354840802541195,0.18150684749290344,0.2163022180453945
205,0.06184420804850558,0.07240717396300143,0.09417132248990988,0.10961858782984217,0.12866119976681697,0.13557375795826915,0.18152437483784242,0.2161993751058124
206,0.05911535723958291,0.07292018522570602,0.09035427824624147,0.10962467447966394,0.12945656018899804,0.14097000016327385,0.1842835967090049,0.21327534774752885
207,0.06052528570493189,0.0722852435620962,0.09090400977904903,0.10999694166203511,0.12728434468220143,0.14426861964227458,0.18487903453858406,0.20985652042882774
208,0.06162262904258557,0.07290196425951874,0.09357197431860835,0.10961858782984131,0.13179764678874195,0.13620904114299778,0.1848690674360673,0.20940908918163897
209,0.05888027051856516,0.07234293937395694,0.09345802081101157,0.10999709646396098,0.1296353944273381,0.13698781376356817,0.1851435355625954,0.21355492907900364
210,0.05996343947396949,0.0735630844353661,0.09462232888429503,0.1096184798031357,0.1295842489627082,0.1351982124352746,0.18428876556459214,0.2131614404406588
211,0.058902621935629576,0.07272582583682034,0.09355552949386878,0.10999683403193072,0.12553936879615551,0.14140363261451014,0.18453672851620223,0.21333945877488258
212,0.06184815133564453,0.07234293937400194,0.09150320354503895,0.10999100902093091,0.13246555885145514,0.1383339491303979,0.18153687531518564,0.21197831342734502
213,0.05908429959164652,0.07206946829680472,0.09697949890934238,0.1099910090209314,0.1254787925069573,0.13774465423496773,0.18244951757181474,0.21620275986753523
214,0.05996859388693076,0.07211381182718656,0.09397455305200485,0.1099969420586391,0.1261280822337349,0.13995004663805174,0.18185102864088895,0.21601694166256308
215,0.05996403050884494,0.07243413379350687,0.09693145245970085,0.10962467447966423,0.12566380329226132,0.14119296300886838,0.18451753794679326,0.20967140451036012
216,0.05998595696970798,0.07205302347205272,0.0944092690269387,0.10964085726898291,0.1334870579462292,0.13153459795391828,0.18240195315183924,0.21648728421033103
217,0.06160640969473822,0.07257693560540861,0.09381007526096961,0.11000750101749915,0.12826200416858508,0.13623763507787826,0.18420166347337205,0.213297775701549
218,0.059933779599872374,0.07228524356209334,0.09697987928900549,0.10999100941753516,0.12962865681163907,0.13313637668981845,0.18153342760745111,0.216511627022585
219,0.058839695488452255,0.07294160110213053,0.09757869267536828,0.10963503265458618,0.12984043586394942,0.136771679663693,0.18211545750416505,0.21227740504765513
220,0.06053871464703522,0.07205119897414115,0.097513165997068,0.10961858782984196,0.12793475255807027,0.1344020659005864,0.18144243618990202,0.21649907790335501
221,0.061587777978916805,0.07211548191970507,0.09142107763663962,0.10999694205863951,0.12855751822634476,0.14216528261861555,0.18153724746157063,0.21261867209956803
222,0.058847833559313646,0.07290191590301767,0.09151858631952671,0.10964096489908758,0.1263303145912294,0.14283361974934888,0.1845846596701142,0.21334210530836187
223,0.05888315935094265,0.07284426844767604,0.09460588405955352,0.10964085726898405,0.13012113222600383,0.1361456971139109,0.18157381481079862,0.2161851867221305
224,0.05890911872535696,0.07213010224654716,0.09160071222789377,0.10999100902093176,0.13334735590077307,0.13589420906456873,0.18183643486945578,0.21629105794447265
225,0.05890158452643649,0.07269090327353568,0.09316283504532029,0.10962456684956105,0.12985812844166542,0.1372428252305311,0.1846847784999435,0.21383437813300643
226,0.058863183847476686,0.0721319267444258,0.09335945007789527,0.10961874183856155,0.1305327086283404,0.13708090199422326,0.1848460638901183,0.21356702297895874
227,0.05907202320859156,0.07211365742182692,0.09459050128508252,0.10999683442853432,0.12999865595377436,0.13639680975792298,0.18420166347341016,0.2136298544708572
228,0.05887745359603015,0.07241768896880231,0.0938924271436279,0.1099968344285358,0.1330213799274948,0.13706281646916935,0.18498348353306868,0.20974791593327094
229,0.058852334371773535,0.07205119897415932,0.09759513750013454,0.1099909017874318,0.12957684495707247,0.13329124008997126,0.18224655378920024,0.21639578853025684
230,0.0599260007224977,0.07259160428875552,0.09046838615910875,0.10999100902093108,0.12568022090745773,0.1468808002751294,0.18476068835898574,0.20970129026713408
231,0.05887067411857074,0.07351889531041544,0.09408881620191932,0.10962441284084148,0.1334414058693233,0.1327893866783001,0.1843155054967411,0.2133509034838885
232,0.05891181558075359,0.0723429393739475,0.0937620288113313,0.11000734661217627,0.12913561331214818,0.13706476168324697,0.18527780546719907,0.21349768915919703
233,0.05887472429345759,0.0722833707076489,0.09027215233786284,0.11001327925327956,0.12601227210180338,0.14845152483892735,0.1842724452330585,0.20982023123396193
234,0.05887452359649906,0.0732702787521378,0.09337535928596416,0.10999100902093117,0.1331484708550357,0.13357504107138343,0.1843155054967774,0.21344981192127127
235,0.05908463084837977,0.07205119897416074,0.09684932655138408,0.1096350326545864,0.126449954855231,0.13813934090288277,0.18153514875521315,0.21625536645816212
236,0.05889441810202992,0.07211365742181926,0.0938441547196624,0.11000750062089475,0.13345623738201,0.1334326592715245,0.1817673742575718,0.2164839982244873
237,0.059937448101678226,0.07267263395085209,0.09626657761007641,0.10999683403193174,0.12579298158623142,0.1371246818345862,0.1817227472514779,0.21648609563316604
238,0.05912463478763026,0.0720513050229702,0.0910838703445379,0.1099969416620352,0.12600824440210678,0.1436402224179772,0.18436343665066984,0.21373134471207259
239,0.05884933587104536,0.07206764379887734,0.09389220116929328,0.10999100902093215,0.12598125252714037,0.14050334137976148,0.18491264342670463,0.2138025728062454
240,0.05994067156122822,0.07303917230197282,0.09335945007790003,0.11001327885667622,0.12895734136003736,0.13677513797756435,0.18447239521374276,0.21344255265087822
241,0.05999038591889527,0.07234770200977728,0.09395810822730226,0.10964085726898283,0.12945475554894018,0.14070055957877778,0.18428704441678986,0.2096205870305346
242,0.05994681152245166,0.07205119897415771,0.09684932655138491,0.11001338688338325,0.13306999859980082,0.129637853215418,0.18149209931612326,0.21693932493728038
243,0.0588728246501036,0.07265168520025041,0.09087134610386328,0.11000734661217572,0.13306859856623357,0.13695392818576452,0.184284945710529,0.21328932497107994
244,0.058875484740844405,0.0723458291553327,0.09738261325940749,0.10964096529569085,0.13080209581761668,0.13309001433443673,0.1815032453797538,0.2163597520169174
