,intasconstantprobabilityoverfreshlyinfected,intasconstantprobabilityovertotalinfected,intasrelativeprobabilityoverfreshlyinfected,intasrelativeprobabilityovertotalinfected,constasavgnx,intasrelativeprobability,constasnx,intasfractinfectednbrs,intasconstantprobability,intasnumofinfectednbrsnormalized,fractbyrand,constasmaxnx
0,0.0006868606714066064,0.006511343912104086,0.008605639742168268,0.017344959453030016,0.015556496906255724,0.023502846715566333,0.05649981468070574,0.0767267103680796,0.10415155252979308,0.15229408395568525,0.2042013351739161,0.33391835589128926
1,0.0007036566390930228,0.009275524157217581,0.008599488842624636,0.015869663467953668,0.01652607452660233,0.01235723154651645,0.05536646508556572,0.07672712844277306,0.10923699700580357,0.147697364885941,0.2036743818252427,0.34396602357466616
2,0.0006878576106978907,0.0065113439121049655,0.009511263248288594,0.01591449584067737,0.006353736579742353,0.01235664090784307,0.05578689017901009,0.08355714023425517,0.10582006924120019,0.1549493913948786,0.20355046847077163,0.34500070238053
3,0.0007046535783844984,0.012541560843094653,0.008595252154121213,0.014451762830743573,0.006695467085849015,0.02077912764108487,0.056679874805667725,0.08527808938388103,0.10968469995101378,0.14694015965880988,0.20407123725164605,0.33357811481570365
4,0.002135227269541868,0.012171429572711123,0.009520783014607554,0.014413932578205965,0.006740620978089127,0.020522454136076184,0.0542605204592999,0.08355699687754152,0.10428391400514808,0.1484898851415378,0.2042023593535261,0.33970187661371487
5,0.0021510262979368513,0.006669943849815972,0.008774087468186044,0.015626751603952427,0.0067984623260115016,0.01254806821795981,0.055109816066111955,0.08527781466590063,0.10535151709024147,0.14692822866887517,0.20936671832170392,0.34539756542330424
6,0.0007036566390929888,0.00927586360238597,0.009525148645061602,0.01590324735432994,0.01682176224286075,0.012216745560529268,0.04568314782283019,0.08355686551627552,0.11152881436902014,0.14879187254269,0.20404298727288123,0.34194988843204244
7,0.0006878576106977187,0.009565509820140032,0.00953389459805535,0.01295764951506359,0.018347308816663188,0.012230506437388256,0.04550067629709224,0.08355728805194154,0.11091098987813815,0.14857948436490628,0.2032059978783032,0.3449228367316105
8,0.0007036566390932113,0.006609983775192338,0.008601274111712473,0.015943934217763064,0.018662814870165724,0.020639638594388266,0.04618814631506564,0.08355714023425485,0.10419498427253467,0.1487079283332012,0.20397478204254818,0.3422157165940804
9,0.002152023237228322,0.0065116833572746585,0.009381780249280073,0.015671583976676094,0.018210352540569078,0.012547134720860402,0.04416957229756166,0.08527795802261412,0.11002091206365901,0.1468013996899519,0.20445623250203487,0.3447993673422898
10,0.0007016184875564406,0.009434124094928201,0.008759314863784576,0.01616817656884797,0.02560398077582442,0.020415871559769556,0.04481594935868572,0.07500589257972101,0.11231235855444305,0.14870143920865422,0.20302205721623942,0.3350592167315453
11,0.0006868606714066066,0.006454728454729131,0.009374036109238012,0.015924948494408443,0.016872272542270635,0.012217136501499682,0.05556953131110932,0.07500576121845341,0.10363729381237517,0.14930105249878056,0.20366570201078932,0.3512906763749398
12,0.000718414455243058,0.009434463540098331,0.009549331124859846,0.01724521376465856,0.0065955109234747,0.02052350257116629,0.05580291925322095,0.0835570133339612,0.10997452398015778,0.1494581119878634,0.20347081018470625,0.3336701848805895
13,0.0007026154268479056,0.009721104585776595,0.00937834018460393,0.012773161395454565,0.007974185047446469,0.020746209224301853,0.05558230587116809,0.08355699687754174,0.10453689456495141,0.14941304671362618,0.20810904729689578,0.33750609281138544
14,0.0007046535783846838,0.01217109012754099,0.008614385695163505,0.013029211471664467,0.025667059172155914,0.012182869753860966,0.04631140090134896,0.07500603593643347,0.1067143862715695,0.14866612362379883,0.20334430807932122,0.3475884753887574
15,0.0007016184875566187,0.00927552415721402,0.00875776373375737,0.01594408203545084,0.02560415182824517,0.012581326079913982,0.04490864336708511,0.0750060359364338,0.1059344903935832,0.14856079791954357,0.20869815091580524,0.344027415145411
16,0.0006878576106984271,0.009350633870222568,0.009359310309120175,0.01305405132968046,0.00680631151009329,0.023534768193057547,0.055825821124039825,0.08527795802261386,0.10707997720677552,0.1466747998184374,0.20884379963256788,0.333504711372693
17,0.002135227269541515,0.006296467962186825,0.00877755620809052,0.01614838471252683,0.006404549090170178,0.0235019132184675,0.055207142018935104,0.08355714023425496,0.10524664973279886,0.14942151920900978,0.20922819980658586,0.334075250537432
18,0.0007194113945341557,0.009406909882427547,0.00876062034465355,0.012830296241454164,0.008089531996088924,0.012547086638316711,0.05664796062099861,0.08355714023425441,0.10505723398373733,0.14932837520800393,0.2082274022830057,0.34482803117252486
19,0.002135227269541329,0.012171090127540776,0.00938813466890186,0.014615378644386922,0.017079077889494147,0.020381968150088303,0.04437441081831891,0.08355672215956121,0.1036725937777831,0.14862304172040178,0.20417237223026893,0.3398299825437127
20,0.0021352272695418823,0.009645994872770363,0.00860080396630331,0.01734447219017182,0.015212105935353878,0.012182869753861618,0.05528157119414857,0.07500603593643417,0.11059733708537506,0.1496837569500811,0.20251502059381934,0.3417948042521389
21,0.000701618487556797,0.009505889190687055,0.008608937429654774,0.012976954108525965,0.016712007574481588,0.012357294988708738,0.04647854264878251,0.0835571446952294,0.10673481490051062,0.14932127999850614,0.20812708969550253,0.34491842628185376
22,0.002152023237228251,0.006609983775193576,0.008593334544243384,0.016164980512779627,0.008178103445000298,0.015162225844654409,0.05464788264396047,0.08527795802261504,0.11029115970110685,0.1475841401551655,0.20244249109454904,0.3428957170235035
23,0.0006868606714066019,0.009645994872770762,0.009374677188181194,0.015952621728587822,0.01661231923462041,0.012339086305531894,0.04550201736385015,0.08355714023425549,0.10647772792687793,0.15490493072851322,0.20235955816187942,0.34258706558352514
24,0.0006868606714064281,0.009406909882427943,0.009378107610047858,0.012833152852350366,0.016951252878740018,0.012372328807837833,0.04536723987865465,0.08527795802261423,0.1125983668118149,0.14667486808354516,0.203642214104361,0.34481074039619963
25,0.002134230330250222,0.012171429572712148,0.009354456797794416,0.014371980051114095,0.01672818834067665,0.0206215329028102,0.04426615345789634,0.08527808938388251,0.10341731942721057,0.14770844044753678,0.2093642557404433,0.3345839235476727
26,0.0007046535783845326,0.006511343912104628,0.009552392805995572,0.015671583976675854,0.006723578609309143,0.02350190127207447,0.05449533659889313,0.08527808938388012,0.11224875713980045,0.14744371390114033,0.202667511814654,0.3352011370070877
27,0.0006868606714067872,0.009505549745518588,0.009360924525787347,0.014451762830743987,0.015209656508399514,0.015163262333352193,0.05433306170343637,0.07500590903613981,0.10384606340528219,0.1494724472181459,0.20340705504982584,0.3495574469719615
28,0.002135227269541514,0.009565849265312372,0.009534340368457147,0.012813848258888752,0.018557314984127056,0.02374042612284261,0.04388398921085435,0.0835567221595613,0.1041869455751915,0.1486570003240553,0.20400068948016445,0.3393676469810038
29,0.002152023237228475,0.00927552415721552,0.009356007927822907,0.017786299284382124,0.006685364435521657,0.01235628610302409,0.054350152405950064,0.08527823720156892,0.10497174484908815,0.15327341155874058,0.2025193286712271,0.3419956201682303
30,0.002135227269541515,0.006511343912102447,0.009555249416891601,0.015892334636317642,0.02706191406232262,0.012323667582006429,0.04402719050576484,0.07500618375412094,0.10344067338858978,0.14874104390766538,0.20395874244152903,0.35134642912314784
31,0.002135227269542226,0.006609983775195229,0.008614190267736186,0.01570655761831615,0.015217734314555404,0.020638641655096997,0.05521703865169449,0.07672685372479116,0.10683705858727524,0.1469868358268603,0.20861929267108692,0.33669058563784976
32,0.0021342303302507616,0.009275524157216119,0.009374506135761584,0.017562544196156386,0.006985353848111413,0.02052385396272986,0.054460486034791256,0.08527823720156864,0.10385685612442533,0.1476555324808689,0.20869423473276927,0.33419864079535044
33,0.0007046535783842265,0.006511343912104649,0.008615700818841807,0.015671755029095923,0.016965839642469376,0.022120445269265036,0.046292491348170574,0.08527808938388091,0.11157102548197258,0.14596404289165277,0.20350304820926424,0.33680156443489795
34,0.0006868606714062449,0.009646334317940269,0.008590203215366545,0.015728889875095648,0.015147476823880993,0.01392229231653027,0.055132981498900314,0.0767271284427737,0.10632864744720918,0.14604691435536168,0.20808982467211137,0.3439524463634239
35,0.0006868606714067841,0.009346949807804338,0.008624986446100831,0.01303474673621793,0.01692713287339173,0.015303708769933285,0.05533353107966814,0.07500603593643382,0.10447798426767574,0.15495680783997073,0.20238708471917885,0.3439141708522179
36,0.002135227269541509,0.009491078997476267,0.008770956139307489,0.01567158397667627,0.018560243249210143,0.020605711291921822,0.04494301606427419,0.08527808938388083,0.10471276048222565,0.1469418699266334,0.2030505836089067,0.33983887960994574
37,0.0006868606714067837,0.006454728454727396,0.009529291429702396,0.015709414229212456,0.008493257393651666,0.012357283042315474,0.05432270626920502,0.0852781058403012,0.10983769556642833,0.14766272706443517,0.20311069768268725,0.34655723235592695
38,0.002134230330250572,0.00943412409492815,0.008601548829694496,0.01590627501764716,0.015347576055428304,0.020747206163593514,0.05502099796792025,0.07672671036807965,0.11223903491123383,0.14752903198336634,0.20245325174663584,0.33386001253122194
39,0.0007026154268480812,0.009350294425053047,0.008748589864709656,0.014664269432622551,0.006774146632889656,0.012356286103023908,0.05508610098028951,0.08355686551627546,0.10527836165377667,0.15489412149783044,0.20257993609486843,0.34600841237181257
40,0.0007036566390933749,0.006296128517017814,0.008756059286771692,0.015911787047468384,0.01668270459780516,0.023395318695768108,0.056675996444660266,0.07500603593643347,0.10414537822885273,0.1486624812808941,0.2097996874810734,0.3339647658441615
41,0.0007016184875569814,0.009191694487339731,0.008761211891084331,0.013054051329680648,0.01705235432058972,0.01533667868251482,0.04511836008544204,0.08355701333396247,0.10597879254647458,0.15422201931781054,0.2039063679717743,0.3431198375457698
42,0.0006878576106984375,0.009350633870223302,0.00878794379613835,0.01442960162638398,0.016846683706418418,0.02353483163524952,0.04635537030426826,0.08355701333396048,0.10364406735162501,0.15409530599987153,0.2041698635891831,0.3345408271759795
43,0.0021342303302503973,0.009346949807807372,0.00937319101208194,0.012833300670038055,0.006645882291867631,0.02217182049702514,0.05451824244633485,0.08527823274059501,0.1107263252658335,0.14551137267583417,0.20388487865257746,0.33757557360975443
44,0.0007026154268475573,0.006609983775193229,0.009359780454530783,0.017482590364105585,0.016581994781189612,0.012406573346287994,0.045401869509619525,0.08355672215956163,0.10452866918801479,0.1551350736757887,0.20267300232744992,0.34556112499141073
45,0.0006878576106980714,0.00949073955230495,0.009539617462661715,0.015626751603951675,0.027306891682036108,0.02041492611627734,0.04544533816588759,0.0750060359364348,0.11002091206366293,0.14879453581377647,0.20401030201348314,0.3336560919788251
46,0.0006868606714064227,0.009350294425053213,0.00937575829168668,0.012949257639613132,0.015458078394736634,0.015336627186715633,0.0555731803645149,0.07672671036807888,0.10608422840703513,0.15241932275049866,0.20317571463328302,0.3428639668673775
47,0.0006878576106982497,0.009505549745516782,0.009378169132182966,0.013034894553904934,0.008120889104525393,0.015210229576365732,0.054391722097804775,0.08527823274059397,0.1090008542716043,0.14681223593406353,0.20439992520045297,0.34417944003228645
48,0.00215102629793665,0.009491078997474261,0.009359334684128242,0.015914495840677414,0.025573656322394195,0.01218387863954545,0.04420493696331442,0.07672712844277338,0.10675643479750746,0.15248188933610318,0.20320480383856643,0.34195133583957904
49,0.0021510262979369974,0.0066665992325707,0.00862371003405272,0.015706705436003207,0.01695535738828437,0.02074727301903993,0.05517987390861262,0.07500576121845294,0.10410531497520815,0.14924997771973167,0.20883176675906098,0.3367766340110457
50,0.0006878576106977192,0.006670283294989914,0.00861752666685149,0.01570958528163363,0.025275417070229764,0.020605762787720507,0.046302311873833706,0.07500590903613959,0.10624919957878637,0.14869704401084005,0.2091195787243146,0.3370595240639627
51,0.0007036566390932275,0.009350294425053923,0.008631269686433133,0.014564863189421969,0.0063597552317602975,0.01258103813054196,0.05463361096356236,0.0835572880519429,0.10519954092414939,0.14933194587248858,0.20823810647255192,0.3468486304130003
52,0.0021510262979362793,0.009505549745519317,0.009361056866577412,0.014666978225831457,0.02561022728444362,0.01552752730035075,0.04388243808082895,0.07672712844277378,0.10453942366668112,0.14672095574293303,0.20849881566254017,0.3428088726835842
53,0.0006868606714066015,0.006609983775194046,0.008593505596664613,0.01594961730000432,0.01694004174309621,0.01516356222911731,0.05663010467280327,0.0767267103680793,0.10452009859723001,0.1477017714794535,0.2022697960912538,0.34820794747569705
54,0.0007036566390926526,0.009275524157216662,0.008614660413143302,0.017471825463780483,0.01703485722249804,0.012357294988708628,0.04655925715702038,0.08527796248358795,0.10475483611015222,0.147485761341307,0.20244911818637093,0.3480152458371218
55,0.002135227269541706,0.009350294425053073,0.008605956570618424,0.012830615111562185,0.015030769078235242,0.020606050737092787,0.0553291277887008,0.07500576121845276,0.10598794456479718,0.15499563039347422,0.20274683813309058,0.337375784709381
56,0.0007046535783845361,0.00943412409492823,0.008636015231979082,0.017245213764658218,0.006372956883004449,0.020653399471247127,0.056742532573613225,0.0852779580226132,0.10970766973978131,0.14698812522524635,0.204492340417053,0.3337450109974911
57,0.0006868606714067805,0.006511343912102709,0.009363781136684403,0.01586966346795372,0.02722234328054784,0.01232432507612674,0.0452393198730099,0.07500590903614016,0.10519321462399539,0.15486180825576226,0.20254637473785672,0.3451750559284134
58,0.0021342303302500478,0.0066099837751915184,0.009389685798930498,0.015850358874491283,0.01682202955329227,0.012183878639545632,0.05435336587386248,0.07500561786174072,0.10444348391774953,0.14946960043645932,0.20798690155732283,0.345750863381164
59,0.0007046535783843076,0.006511343912107211,0.009528210326198371,0.015729206085533912,0.015466685550082022,0.01221578817064421,0.05563284681858585,0.07500603593643303,0.10594545057705411,0.15504536039580621,0.20322568124166626,0.3449887374075046
60,0.0021352272695418792,0.009720765140605861,0.00862181300675446,0.012999796329311007,0.01694658616587024,0.0203823075952595,0.044696357082325555,0.08355714023425515,0.10595609512427792,0.14943465161898947,0.2032490515655139,0.3423002088672951
61,0.000701618487557334,0.00934694980780719,0.008610527271312758,0.014667149278252379,0.015317251601996698,0.023619425175557967,0.05668431449040998,0.07672685818576597,0.10445859635423983,0.14770851553915465,0.20228467741566347,0.3398741163922818
62,0.0006878576106977139,0.006825199170281335,0.008631544404413756,0.01593031270654258,0.01522140397967128,0.023376173102236646,0.05511752799900535,0.07672685818576594,0.1060370167485696,0.14710558549710803,0.20392485629790194,0.3404156642978056
63,0.002134230330250758,0.0062961285170159255,0.009517721333471384,0.01564590837972814,0.01857387196742002,0.012324364625533298,0.04427257430619814,0.08527796248358764,0.10362441555856877,0.1522898321145998,0.2044180023869229,0.34562498799670327
64,0.0007046535783844964,0.009350294425052336,0.009509712118260781,0.014810950534427915,0.025587552535959446,0.012215800117037035,0.04551321151344225,0.07672698508605953,0.1105321918460465,0.14685435505256572,0.2033107919016699,0.344883501291094
65,0.00070465357838431,0.00645138383748335,0.008603099959723214,0.015952961173759193,0.016966357086239787,0.02055538449925113,0.056685221444299404,0.0767268537247933,0.10546995074358997,0.14753306878930128,0.20207766947777941,0.34227339568539566
66,0.0007046535783845216,0.006455067899900761,0.00953548443971626,0.01589533906490201,0.015230561669893774,0.015162277340452994,0.055751411086617,0.07672671036807927,0.10692303889495311,0.1478032007143158,0.2022246058892116,0.34758764905357303
67,0.0006868606714069591,0.012386644967799645,0.009517446615490244,0.012830296241454731,0.00843149067538362,0.012407582231972034,0.05434703647965033,0.08355714469522815,0.10377037804074159,0.1494229356641431,0.20873979590502212,0.3439023878117074
68,0.0007016184875567989,0.012171090127541457,0.009375483573705804,0.014432606054968065,0.015337951976072062,0.02060677167340485,0.05464432360631807,0.07500589257972075,0.1047819249014896,0.14857850937563236,0.20875150693319555,0.33561232071039454
69,0.0007036566390930277,0.009350294425053522,0.008776108743621825,0.012776041241084652,0.015230390617473687,0.012548068217959858,0.05525068591073805,0.07500576121845459,0.10700567825118211,0.1542200359469469,0.20302643005482854,0.3461068487335633
70,0.0006878576106980681,0.006511343912104115,0.008754508156741435,0.015646056197415294,0.027258574797428697,0.015419238794834625,0.044858124555122336,0.07500589257972096,0.10374799988122352,0.14866800762056143,0.2094941414776101,0.34394825441653937
71,0.0006868606714067863,0.009346949807804575,0.0093608208602285,0.014890733314058152,0.025254722610475885,0.02350289821136553,0.045615371537728,0.07672727626046073,0.11099966026951029,0.14769069250460268,0.20244075539820083,0.33348325855415806
72,0.0007036566390935755,0.006454728454728612,0.008607661017605937,0.017309521783264194,0.02550542872229098,0.01698528455774663,0.04492094496890219,0.0767270015424786,0.10458273465557716,0.14549840560853994,0.20869186755678323,0.3440127644929889
73,0.0007194113945346961,0.009490739552305557,0.009530197583817266,0.01734447219017134,0.025826874261465634,0.012323719077805398,0.0441131080246524,0.0767268581857666,0.11003115926984504,0.1469323371531942,0.2037961942315734,0.34316492907486856
74,0.0006868606714067804,0.0066699438498177945,0.009534914060541608,0.017491277874930437,0.014923031185490354,0.020523463021760155,0.05541264464818054,0.07672685372479164,0.11007062035363611,0.1476077949626639,0.20268463700143927,0.33766795864534144
75,0.002165784114086671,0.0123296900652511,0.009368555357458166,0.014448906219847084,0.025696162863776597,0.020556760433120054,0.04403448143766925,0.07500603593643389,0.1053288226425307,0.1540953059998768,0.2032979411039474,0.3336715538260022
76,0.0007036566390924909,0.006666599232568812,0.008616435920535027,0.015726201656948824,0.025287173798633784,0.012407570285579607,0.04501507651342779,0.07500603593643415,0.10690806504066094,0.14933996303059358,0.2083175742869918,0.3460056476585332
77,0.0006878576106978999,0.009645994872766739,0.009379954401269573,0.01589519124721449,0.016934999977805086,0.02055538791250655,0.05584418448824579,0.07672712844277316,0.10443927128479481,0.15236969212222376,0.2030366477859342,0.3344836898537679
78,0.0006868606714064212,0.006296128517017136,0.009363506418703899,0.015861294827236208,0.014961560451439544,0.012440552144554215,0.05579001824407197,0.0767271284427728,0.11109137895009191,0.14698370233176306,0.20432724824183096,0.3454706207591119
79,0.0006868606714066077,0.006296128517017201,0.009511263248287972,0.01734747661875457,0.006648100263636366,0.023586167313604585,0.054583105331751765,0.08355714023425409,0.11083550534106622,0.14956636835656212,0.20241560267452907,0.3349662814291294
80,0.0006868606714066051,0.009565509820140794,0.009376047622978369,0.01283029624145383,0.018527329975867608,0.012440488702362317,0.04507478877310538,0.08527808938388118,0.10538221138905986,0.1470733439333749,0.20310981371016038,0.3506552197762087
81,0.0021520232372282708,0.012171090127541232,0.008765507873798197,0.012968924912980032,0.018337637110423397,0.020779191083276524,0.044691691266994446,0.08355699687754177,0.10448031991638684,0.14932859365628642,0.2083596533967168,0.3344083705408261
82,0.0006878576106978925,0.009350294425053222,0.009368659023018509,0.012830296241453343,0.01501209205794205,0.012406624842087668,0.05447719538228153,0.07672685818576672,0.10617728542314259,0.14762217848504472,0.2027385961793469,0.3526020621441649
83,0.0006878576106980747,0.006511343912105787,0.008749866276757765,0.015646056197416273,0.00702527230669684,0.015195132315044244,0.05489897180651693,0.08527808938388166,0.10608276058561475,0.1469762625003584,0.20936851231142936,0.34357987479347996
84,0.002166781053377946,0.012326345448003817,0.008618261768544086,0.013045511636542668,0.016732707948556844,0.012580056550898179,0.04497754997278128,0.08355686551627527,0.10669092505267505,0.14937188858079115,0.20252829116625756,0.3474048153052961
85,0.0007046535783848555,0.006511343912104956,0.009539788515080892,0.01562660378626552,0.0269120463041282,0.015574494543364643,0.04401254383799048,0.07500604039740776,0.10463292844124307,0.1540079344825434,0.20344135734465982,0.34403026485682636
86,0.0006878576106979095,0.009350294425053321,0.00938178024927903,0.013214840671977797,0.025283298230363092,0.015162213898261754,0.045465984486202704,0.07672700154247938,0.11062826174174517,0.14693397232941816,0.20448939823458098,0.3426750965799407
87,0.0021667810533779136,0.006825538615453154,0.009387617719210437,0.01751397227802834,0.006459783016793354,0.016760256527249967,0.05422840440650369,0.08355714023425463,0.10509992616175673,0.15330883322811276,0.2026551208553166,0.3420366259039424
88,0.0007046535783845362,0.006296128517017951,0.009371169736644763,0.015949617300004167,0.01836025145614205,0.012323707131413052,0.04439092097069819,0.0835571446952284,0.10360511288974014,0.14927937591505827,0.20930557358471058,0.3468563442249578
89,0.002151026297937187,0.009406909882429202,0.008754744163090446,0.0146730007532442,0.025479280913142485,0.015163226197200895,0.04472174041771557,0.07500604039740655,0.1044911090474089,0.15516417833114396,0.20312279974586647,0.3418659438534142
90,0.0007036566390926652,0.012326345448005028,0.009383321736496968,0.012773161395455066,0.01822749938090652,0.020747257659392292,0.04562037178498474,0.08527795802261402,0.10447798426765927,0.15249588162386135,0.2035248575255873,0.3344417045159447
91,0.0006868606714067831,0.012329690065251815,0.008614831465563948,0.012813848258888054,0.015457499116556698,0.020538208891517386,0.05656729600980389,0.07672685818576663,0.11183131048598988,0.147611000136125,0.20245643557948168,0.3343661611336482
92,0.0007036566390927017,0.00934694980780443,0.009384832287603707,0.013029234706397233,0.008749077576690288,0.015163274279744858,0.05442446633124593,0.08355699687754202,0.10419710804771183,0.14879392759188487,0.20369408640236916,0.348956389451913
93,0.002135227269541866,0.012329690065252358,0.008595355819680711,0.012833300670037504,0.016536238174009215,0.02063869315089651,0.05523635791881789,0.07500576121845323,0.11008209220599781,0.14879436476135546,0.20433869456092946,0.333474224185028
94,0.0007046535783845015,0.012700160780806397,0.009360924525788902,0.01283347172245809,0.008505823805887183,0.020605711291921264,0.05416877338026313,0.083556865516274,0.10432118350504939,0.15500543968315886,0.2029048105390527,0.3353321816709556
95,0.0007026154268477374,0.006296128517017626,0.009517721333472305,0.017530568078281877,0.006359755231761338,0.02350186172266833,0.05443065808080207,0.0852779580226138,0.10355758926791521,0.1476906208262209,0.20908127159731735,0.33605325189508156
96,0.0006868606714066001,0.006511343912103942,0.008620578705175666,0.015709414229212747,0.025357376324651727,0.012231554872478087,0.04641755307823604,0.07500618375412033,0.10682902058508205,0.14867013273406612,0.20355958942177363,0.35040039171169296
97,0.0006878576106984273,0.00934694980780623,0.009378169132181612,0.01303474673621761,0.018409564922429646,0.012230545986794112,0.04422327526488049,0.08527838055828124,0.10463344007201338,0.15238828260680212,0.20405751051930368,0.3463312767825914
98,0.0006878576106977249,0.006296128517014128,0.008784973876872224,0.01614552810163039,0.014907293495789476,0.015162213898261829,0.05513409753648173,0.07672727626046111,0.10686000282164768,0.14715303630184773,0.20336966831310357,0.34877192326619233
99,0.0021510262979370326,0.009562165202894178,0.008593334544243703,0.014673000753243896,0.015294683802200471,0.012216797056327942,0.0551817457075829,0.0767268537247945,0.10371873773279336,0.14694486006503965,0.20946230815231504,0.3454744869606272
100,0.0007016184875566196,0.009275524157219142,0.00935617898024402,0.015690740752451447,0.008258357752127517,0.01235724349290946,0.05601019478175923,0.08355714023425449,0.10989101692568404,0.14949822143914596,0.20360137186223745,0.3418023911344106
101,0.0006868606714069635,0.009350294425054879,0.009525148645062306,0.012750342409402851,0.02584305502766212,0.023503253016184347,0.04430131727596521,0.0767270015424804,0.11102243846246901,0.1467211950604504,0.20395566164514778,0.33561343181871384
102,0.000687857610697898,0.01248494538571847,0.008596670943360883,0.012833663349942938,0.01673353839598096,0.012561829094818715,0.04492521429282955,0.08527795802261338,0.1060476384152946,0.1476895423803554,0.20904802332477235,0.3431131187836148
103,0.0021342303302503956,0.0064550678999002525,0.00953702592693297,0.015706557618315974,0.02516394568985511,0.015560445717134228,0.044277655987770025,0.07672671036807927,0.10701108841382981,0.14770049838105984,0.20258184119770084,0.34714493246917133
104,0.0007026154268484458,0.006454728454727677,0.009517721333471224,0.01564605619741355,0.02586126728903488,0.01516226539406084,0.04532406527242775,0.0750056178617396,0.10585766661485813,0.14857875210644472,0.20963893809413703,0.3422503059548362
105,0.0007036566390931773,0.006670283294986397,0.009356007927824424,0.0175710838892944,0.015333736962628795,0.020538208891516942,0.05558933771900338,0.0767271329037486,0.10418669825452634,0.15305136086118415,0.20346988014468348,0.33680261251150995
106,0.002134230330250218,0.009434124094925044,0.009386341307163117,0.015671436158988836,0.006602830736147381,0.01232432507612659,0.054426108019867095,0.08355701333396061,0.10612263221363115,0.14929004520231862,0.20834689963488096,0.3427040138917404
107,0.0021520232372277265,0.009275524157214509,0.008756059286770278,0.015726010029465734,0.01691451119480918,0.020382007699495462,0.0452286858694315,0.08355699687754237,0.10619028272329856,0.1487847739199597,0.20323993345950056,0.3397931915452844
108,0.002152023237228642,0.00950588919068929,0.008603271012144448,0.014666978225831644,0.025453391310084898,0.02063868120450343,0.04444530963815502,0.07672685818576566,0.11010688545551178,0.14784099631341333,0.20309374866319707,0.33676596756347477
109,0.0006878576106978951,0.006451723282650248,0.009373761391256796,0.016148384712526977,0.025489419008517103,0.013888440402647747,0.04403340369833577,0.07500604039740703,0.10586003840581074,0.1470499637922135,0.20944560267485382,0.34656536462308235
110,0.002134230330250403,0.006511343912105433,0.009517721333471467,0.015726372709370263,0.017076631252362674,0.01233913438807575,0.05423521406894963,0.07500576567942642,0.10382697261004704,0.14933627280519096,0.20318188063421477,0.3511084602765351
111,0.0006878576106977202,0.009406909882429138,0.008628006016767643,0.014394480167056719,0.02553792172208825,0.015419226848440961,0.046277916749527935,0.07672712844277373,0.10486757501891765,0.15327929857599787,0.20233706055150963,0.3424366184137927
112,0.0006878576106973606,0.012171090127540491,0.008750611140146252,0.01458717221146866,0.014985175702688711,0.012439503709463985,0.056468493060666466,0.07500561786174052,0.10371814929568732,0.14879868828078913,0.20416195581510416,0.348225685184007
113,0.0006878576106975402,0.012171090127541197,0.008597947355407783,0.013192169503614792,0.02532454596050148,0.012323719077805516,0.04630364481491602,0.07500604039740677,0.10539381194844516,0.1492921719298401,0.20369903913666484,0.3480079621371588
114,0.0007046535783846403,0.009720765140606612,0.009398688615557588,0.012999773094576745,0.008359325651960936,0.023394282207070814,0.05553789540048362,0.08527823274059393,0.10944366780608204,0.1477138018434511,0.20308147815055655,0.33436743577067535
115,0.000704653578383778,0.009565509820140145,0.009517446615491263,0.013016073259456674,0.02523795492544008,0.012356246553618127,0.045401348737628064,0.0750058925797197,0.10529917916716461,0.15418511865397716,0.20426049184498593,0.34545008426399443
116,0.002135227269541689,0.00645138383748132,0.00859925283627606,0.015941417052037832,0.025704152291620385,0.020555435995050487,0.04490489746405499,0.07500603593643326,0.11057573230737015,0.1486891702094689,0.20397740462669983,0.3374598901739652
117,0.000704653578384148,0.0066699438498152176,0.00938924002852901,0.015706557618315593,0.017076426786285452,0.020746612111665067,0.05552841523866317,0.07500604039740746,0.1043594952684322,0.14839722570578703,0.20324215493054984,0.34317323448616577
118,0.0007046535783850232,0.006454728454726681,0.008595355819680845,0.01594393421776362,0.018825341773348502,0.012323316190442999,0.04470861629569306,0.08527795802261401,0.10421543473018997,0.14696511526041975,0.2096223053357463,0.34636324032098914
119,0.0021352272695418653,0.012329690065253295,0.00951590512827412,0.014587024393780656,0.01727724569514381,0.020382347144665657,0.04400940194117438,0.0852783805582815,0.10369318499377235,0.15255634939237117,0.2040116376018052,0.334223605815936
120,0.0021342303302504047,0.009430779477680819,0.008625261164081664,0.01610786890151389,0.006553703926692685,0.012339122441682822,0.054807884342456564,0.08355686551627464,0.11237421226399928,0.14860720205666753,0.2032555380040815,0.3422073315746183
121,0.0006878576106973576,0.012171090127539265,0.008756975202580721,0.014853094689003947,0.014929628799102907,0.012370992423375467,0.05655127345194693,0.07500561786174076,0.10356474884592745,0.1540984394950015,0.20429406143345355,0.34271622005963015
122,0.0007046535783844985,0.00956216520289242,0.009365527694141514,0.01279566204498522,0.016923556894544698,0.02074626072010079,0.044116112411264896,0.08527808938388057,0.10584151489362621,0.14756902437432115,0.20876550506890992,0.338331927732948
123,0.0006878576106980712,0.006825199170279947,0.009368384305038743,0.015949956745175332,0.008400938048763601,0.020555435995049862,0.054010498716354924,0.08355714469522843,0.1044837025384486,0.15482320871974728,0.20325165952809582,0.3380860139271194
124,0.0021510262979368548,0.00934694980780548,0.009397308537950155,0.01299977309457765,0.025148940400035052,0.023395606645140225,0.04438110437379926,0.07500603593643387,0.10513500955266633,0.1495210880472086,0.20357027108242043,0.339946886224026
125,0.0021352272695422227,0.009505549745516914,0.00859948884262543,0.014626143544711083,0.025713735444202628,0.012323316190442591,0.04471727739478741,0.07500589257972089,0.10441020306930102,0.14937961171228525,0.20223955553634712,0.3513439986705174
126,0.000687857610697714,0.006669943849817316,0.00876681335466695,0.0156878841415541,0.008628011697114229,0.023409419017798475,0.054781948767483865,0.0852783805582809,0.11016986609859554,0.14757988490082033,0.20322584359542908,0.33511414640774156
127,0.0007036566390931972,0.009434124094927835,0.00876749513141745,0.015688371404412756,0.006684403403175029,0.012324328489381864,0.05521789047989495,0.08355686551627518,0.1070254536341849,0.1491604794747693,0.20810774929574147,0.3433291824367261
128,0.0006868606714067841,0.006451383837481247,0.008617242306057987,0.015892482454004434,0.02553477421438529,0.012324325076127155,0.044857655973184446,0.07672698508606016,0.10559634659928349,0.1523784653346372,0.20368799513084224,0.3472454833165296
129,0.0021520232372284356,0.009589379415394561,0.009357313408690244,0.01590324735432954,0.006705274829672142,0.02055538449925139,0.05427370149939359,0.08527823274059489,0.10684731270925338,0.15322361329132586,0.2024928317950691,0.33362168521979685
130,0.0021342303302505764,0.00645472845472831,0.0086222587771556,0.015844675792249557,0.01706711213674101,0.015419884342561474,0.04483739845936557,0.08355686997724822,0.1054106079161358,0.14858268612512912,0.2096221840894949,0.3424473635989398
131,0.0006868606714069633,0.006454728454729509,0.00937191460003407,0.01749127787493064,0.015203080129728333,0.012216745560529261,0.05406626548500949,0.0767267103680794,0.10371399942707168,0.14784235739018414,0.2089800434845451,0.3472460165537512
132,0.0021352272695413354,0.006454728454729188,0.008770956139307298,0.016148895210118478,0.01664339350657386,0.01533564219381688,0.054936034780411314,0.07672698508606046,0.10920951873027943,0.14747851936187423,0.20345296228689147,0.34270713698039607
133,0.0021342303302502165,0.009505549745517997,0.009362191295024124,0.013007681384005512,0.01835785161937155,0.02234524879258114,0.044062440592683445,0.08527823274059426,0.10430525874844727,0.14523147885706642,0.20339362667618183,0.3430162092182762
134,0.0007194113945345265,0.009589379415392793,0.00861671063851436,0.01586998233806151,0.016943746771027873,0.020555424048657765,0.04640672342266514,0.08355672215956035,0.1114567186509031,0.14954034055767887,0.20223905515530827,0.3345057854476954
135,0.0021342303302505777,0.006296128517015226,0.008773517089009043,0.015861123774816147,0.015457159671385752,0.015336690628907513,0.05517728541889794,0.07500576121845379,0.11078638192383265,0.1493291301998017,0.20320315806322245,0.34263943316440715
136,0.0021499850856915334,0.009505549745517781,0.008609782526809696,0.013037603347114013,0.008279328573017459,0.020522454136076018,0.05511074090072896,0.08355686551627416,0.1050724861267283,0.1549985408710232,0.2022833180373401,0.33687334513367884
137,0.0006878576106980755,0.006451383837481237,0.008612364419725693,0.01584181918135399,0.018498277111892558,0.01533568174322404,0.046296641562632385,0.0852780893838811,0.10438618918972721,0.14769750824268876,0.20330851406411443,0.34760567365258044
138,0.0006878576106979003,0.009346949807806032,0.008599763560606459,0.013054051329680327,0.015200237216462175,0.02353511958462179,0.05534907268838467,0.07672700154247984,0.1059436729568427,0.1531880217981167,0.20319526063643614,0.3351729912678652
139,0.0007016184875559042,0.006511343912103374,0.00877404875655369,0.017325167596709434,0.016758852239280413,0.015527463858159148,0.04470531412646716,0.085278232740595,0.10372000387930926,0.1475751162295096,0.2091566885114742,0.34396614966228267
140,0.0021342303302503995,0.006296128517016361,0.008756230339190069,0.017344959453029447,0.015321431764703406,0.012455258464905508,0.055240841923843986,0.07500603593643372,0.10496756468639563,0.1492979906820554,0.20257168237527895,0.35060764552689705
141,0.0006878576106982531,0.006454728454727098,0.009374036109238836,0.015629799842332887,0.0168365200590113,0.015335630247424344,0.04564844657923508,0.08355686551627273,0.10624332936501152,0.15490180064666648,0.20289909418720062,0.34243189138218083
142,0.0006878576106980807,0.006296128517018224,0.00953520972173587,0.017543387420380637,0.006757372086621735,0.02074627266649477,0.05574574288371488,0.08355699687754187,0.10422425480704012,0.1493320926424889,0.208709954956541,0.33686472980972393
143,0.0021667810533783044,0.006609983775193538,0.008594782008712575,0.015861123774816775,0.006658187489792839,0.01709153963527386,0.05504043989441365,0.08355714023425465,0.10670791447342891,0.14785638676065843,0.20232502454220047,0.347530696357876
144,0.0007046535783850697,0.009645994872770881,0.00860568185263815,0.01564590837972813,0.027002483779577268,0.012547071278668512,0.04471144347504063,0.07500603593643362,0.10435833805408835,0.14929307182748677,0.20911290723477075,0.34336640973041177
145,0.0007036566390928446,0.009346949807806605,0.009357484461113173,0.012974097497629723,0.018523976565009554,0.02055676043312052,0.04424464927394523,0.08355699687754212,0.10383573923573283,0.14933216432080537,0.20876102151670634,0.33880650337149554
146,0.002151026297936821,0.009350294425051295,0.008615700818842355,0.013252966559889902,0.015203941732313594,0.012198573013503756,0.054981623534089745,0.07500589257971983,0.105155600768619,0.14946969981050584,0.20338056304807392,0.3512341174114539
147,0.0021520232372285258,0.009191694487339981,0.00953389459805702,0.014871428720595166,0.025634919358170197,0.01235628610302414,0.04424420493938278,0.0750060403974065,0.10373505204100583,0.15396612977317026,0.2039331794127924,0.34537514693182714
148,0.0007036566390928615,0.006296128517016308,0.0095431477576566,0.01614855576494719,0.02547362853736179,0.020538599832487587,0.04549898537422424,0.07500590903614217,0.10619027265369015,0.14933202096413734,0.20799733945808427,0.3372717554651596
149,0.0006878576106982518,0.009490739552301461,0.00875501888107245,0.015645908379728263,0.0065160042872778184,0.020639032596067693,0.05477724863655994,0.0835568655162748,0.11094295378007411,0.14857860874973325,0.20435600064136777,0.33605376136884424
150,0.0006868606714066037,0.006296128517016337,0.009526425057111366,0.01586112377481567,0.02581691073693766,0.012183866693152336,0.04379341904964379,0.07500603593643348,0.11160307611711856,0.14934319931303866,0.20234291796346177,0.3475400361698637
151,0.0006878576106984323,0.009275524157215472,0.00937863927759145,0.015709414229212446,0.008398653496134107,0.012439898063688747,0.05605114052817533,0.08355714469522842,0.10534181610020193,0.14930129181630022,0.20815104599367823,0.34170757403187507
152,0.002135227269541686,0.012329690065253071,0.009541913456079602,0.013038113844705738,0.007975046650030489,0.020522454136075827,0.05447959410078487,0.08355701333396237,0.10355516694380122,0.14928997352393603,0.20905576164834594,0.3345200450274833
153,0.0006878576106978952,0.009434124094924938,0.008771466863637398,0.01614872415769844,0.016681219025920138,0.02052245413607587,0.05513234925734681,0.07500590903614074,0.1046181674329573,0.14851457031664095,0.2032530950849468,0.34123006298301284
154,0.0006868606714064273,0.01254490546033954,0.008605681852638372,0.014672661308072524,0.0255055997747122,0.013922304262922737,0.044598374603670714,0.07672698508605974,0.10449278609709617,0.14613244747264656,0.20810753284774902,0.34400386056268595
155,0.0007036566390932008,0.009649339490013965,0.008602954183692064,0.015690888570138242,0.01713532132433661,0.012216733614136308,0.0562450844142858,0.0750057612184527,0.10361573455648689,0.1488771189465688,0.20405581588599936,0.34820159115679616
156,0.0006878576106978967,0.012544905460340861,0.008753648446275079,0.012795322599813815,0.015635066676491272,0.012356286103024153,0.055066449018440974,0.07500561786174038,0.1055413948408167,0.14916487808584886,0.2030599226379416,0.3493886506585685
157,0.0021342303302503995,0.006511343912101907,0.008761211891084657,0.0157262016569501,0.006713000955867247,0.01535138500286582,0.05522476100678209,0.08527795802261416,0.1054387337693553,0.15240843842814691,0.2041774849383351,0.3422752500856462
158,0.0021342303302509377,0.006296128517015825,0.009396667340120584,0.016107697849093865,0.007991227416225044,0.015336639133108565,0.054484778189515186,0.08527823274059397,0.10393806835131959,0.14756895269593961,0.2091160519835369,0.3423513254532799
159,0.0007046535783845461,0.006669943849815997,0.008756804150158094,0.01569088857013889,0.015579826432701012,0.023394270260677783,0.05491359064396437,0.07500576121845219,0.10571999015069854,0.15496040210462192,0.20333215246427985,0.3352717165761069
