,intasconstantprobabilityoverfreshlyinfected,intasrelativeprobabilityovertotalinfected,intasconstantprobabilityovertotalinfected,intasfractinfectednbrs,intasrelativeprobabilityoverfreshlyinfected,intasnumofinfectednbrsnormalized,constasavgnx,constasnx,intasrelativeprobability,fractbyrand,intasconstantprobability,constasmaxnx
0,0.0005395728856852986,0.0043649313990645,0.0021296304758942645,0.007593947309213732,0.02913856416115749,0.021830416617687597,0.03581382378173075,0.04375527282890714,0.07014314339341206,0.14455216042369232,0.2607476506586634,0.3793908860648917
1,0.0006157230968405554,0.0013280812992875687,0.003400884491577623,0.01167917150925998,0.020883289210205543,0.02856512537461306,0.03782989523732416,0.04126946979249133,0.06864332204956115,0.14445054134223478,0.26194361053171633,0.37939088606488797
2,0.0005279438320052586,0.0046217917597560524,0.003400884491577555,0.007637733680972065,0.020951666928121553,0.021655039360396006,0.035813639256938014,0.04832977852775667,0.07251671717557621,0.14322724202117798,0.2619266769008352,0.37939088606488724
3,0.0005310675781592196,0.001328081299287432,0.0034008844915777822,0.007769465758634778,0.02919000824819136,0.021655276606577085,0.037679672516272064,0.04375415535372631,0.07015636535270862,0.14357357414988342,0.2615705625800801,0.3793908860649019
4,0.0006295781149543272,0.004540687094662119,0.003400884491577647,0.0076377336809721795,0.024482883465805984,0.02871941276654729,0.03580995302436457,0.0412683523173115,0.07014388243027106,0.14240518396855348,0.26157056258009304,0.3793908860648869
5,0.0006219266762021163,0.001496308526369786,0.0021296304758943118,0.01150360033846686,0.027942604288123358,0.021654660922098792,0.03767948799146824,0.04362303784833359,0.06629728812688473,0.14571695820955233,0.26194361053172316,0.37939088606488275
6,0.0006170951925003553,0.001328081299287634,0.0034008844915775663,0.011503178567484474,0.02095029483246189,0.021654898168259544,0.044916115385452905,0.043622293146828306,0.06629049869522533,0.14357618533380334,0.26274958882221916,0.3793908860648995
7,0.0005395728856852832,0.0024990826645305713,0.0034008844915777363,0.007593710063037456,0.024499817096688137,0.028829892642133367,0.037830132483496114,0.041312693201136806,0.07014314339339789,0.14240655606422997,0.2615536289491977,0.3793908860648891
8,0.0006205545805423432,0.0024990826645307235,0.0021296304758944514,0.007637549156168267,0.023288295688432104,0.021680009371826413,0.03783007976213306,0.04832942359385731,0.07015636535273667,0.14367160083587627,0.26276652245311494,0.37939088606488736
9,0.0005444043693870603,0.003186401565306289,0.003400884491577629,0.007769465758633246,0.029156869887699364,0.023947012164152723,0.035964283748968824,0.04131269886578907,0.07015067186191687,0.14362279227247735,0.2615536289491965,0.37939088606489524
10,0.0005270899632313177,0.0024990826645308506,0.0021296304758944454,0.007813489376569862,0.022079249083239248,0.024100921117778402,0.04473648893247531,0.04126835798197287,0.07015636535273902,0.1437448100374967,0.261553628949188,0.37939088606488397
11,0.0005395728856852837,0.002499082664530317,0.0021296304758942216,0.007637496434795728,0.020934733297239612,0.028561254617238744,0.03849728806832685,0.04313532419168162,0.07014314339339463,0.1437650654532085,0.262766522453104,0.3793908860649005
12,0.0005332935425929634,0.0013205528307723756,0.0021296304758943686,0.011503600338465862,0.02214625470549565,0.023854129834850656,0.03614348843095807,0.0432239516606422,0.07335797530046033,0.14566551978718367,0.26073071702778644,0.37939088606489724
13,0.0005310675781592255,0.0024915541960154803,0.003400884491577587,0.007637733680972106,0.027995420470817246,0.02394644920103567,0.03613980219838677,0.04313458515481193,0.07016389382123811,0.14241813431986144,0.2627495888222376,0.3793908860648869
14,0.0005404267544590769,0.002667309891612983,0.0021296304758944154,0.011459576720532109,0.020950294832461906,0.02165527660657342,0.03767967251627015,0.0484620191729789,0.06863836759561823,0.14367695054648771,0.2627495888222225,0.3793908860648886
15,0.0005279438320052757,0.0013205528307723238,0.002129630475894465,0.007637549156167026,0.023288295688431968,0.021504816639350176,0.03613980219838811,0.05028352135903403,0.07016389382124255,0.14484658548069745,0.2627665224531212,0.3793908860648954
16,0.0005270899632313174,0.0015038369948849888,0.0021296304758943317,0.007637733680973155,0.02207924908323909,0.021658347154650832,0.03816351541555542,0.050284644498866764,0.07015562631587643,0.14491581140274618,0.2615536289491932,0.3793908860648883
17,0.0005319214469331528,0.0014167144328968422,0.0034008844915777155,0.007593710063036745,0.022079249083239327,0.023854367081036155,0.04320436012933958,0.04317797427820602,0.07015562631585394,0.1436406776637903,0.2615536289491941,0.3793908860648962
18,0.0005417988501189954,0.0015038369948848567,0.0021296304758943634,0.007593710063037079,0.02088191711454567,0.028719650012731954,0.03581013754916692,0.04326644169706267,0.07249744482145605,0.14489802390309223,0.2627665224531155,0.3793908860648938
19,0.0005435505006131909,0.0024990826645308567,0.0034008844915777146,0.007593894587841695,0.023236851601398115,0.021676323139260757,0.03783381871606919,0.048461652909774146,0.07014388243025278,0.14245265044068245,0.2627665224531011,0.37939088606489796
20,0.0005404267544592161,0.0024915541960154027,0.00212963047589439,0.007813304851764962,0.022079249083239244,0.021593265248151444,0.035964231027595536,0.05019488822543265,0.07250497328998061,0.14372702820249383,0.26157056258007827,0.37939088606489446
21,0.0005270899632313186,0.0013280812992875419,0.003400884491577614,0.01150317856748349,0.022146254705495565,0.021676938823751022,0.03832147965135978,0.05019489389007751,0.06629049869522305,0.14448909681981428,0.2607307170278145,0.37939088606488436
22,0.0005270899632313197,0.0027559430252222772,0.0034008844915779223,0.0075937100630370236,0.02207924908323931,0.021504816639347356,0.03831784614016516,0.05023923477390207,0.07016315478437461,0.14245662239092574,0.26157056258007155,0.3793908860649058
23,0.0006290598880684464,0.001320552830772489,0.0021296304758943634,0.007813252130392046,0.020881917114545786,0.021655039360396037,0.04287456367669456,0.04548776910769865,0.07015141089878214,0.14572230792015,0.26194361053170734,0.37939088606489807
24,0.0005457764650468015,0.004364931399064617,0.003400884491577546,0.007769465758634977,0.02212932107461328,0.028653811229598168,0.03596423102758578,0.04131307163945359,0.07249670578460346,0.14324019803715166,0.2607307170277845,0.3793908860648855
25,0.0005310675781592165,0.0043649313990642745,0.0034008844915774986,0.01145976124533746,0.022130693170273164,0.023854508273173012,0.03614372567712867,0.04140132633475294,0.07335044683194057,0.14241813998452385,0.2615536289491783,0.379390886064891
26,0.0006157230968405536,0.002499082664530643,0.0021296304758941097,0.00763731190998977,0.023236851601397997,0.021676507664064017,0.037833818716073574,0.04833015696607871,0.07015562631585649,0.14374481570215814,0.2627495888222181,0.3793908860648979
27,0.0005270899632313189,0.001328081299287355,0.003400884491577535,0.011459761245337211,0.0232354795057383,0.021500945881971257,0.03614372567713778,0.05032712887063546,0.06629049869522811,0.1444688414041253,0.26192667690084415,0.3793908860648863
28,0.0005279438320051683,0.002491554196015534,0.0021296304758943612,0.00781330485176429,0.022129321074613316,0.021504253676233376,0.03783007976212082,0.0436213470510511,0.07722458099481276,0.14460638099280435,0.26073071702778366,0.37939088606490123
29,0.0006170951925003555,0.0015038369948848131,0.0034008844915773984,0.007637496434795158,0.020881917114545727,0.024008601751591647,0.03767972523764103,0.041268352317324695,0.07721705252629456,0.14364456305172874,0.26274958882221683,0.3793908860648989
30,0.0005457764650468545,0.001320552830772436,0.0021296304758943747,0.007813304851763908,0.020933361201579546,0.021743478580502584,0.03581363925693671,0.0501943205679615,0.07250497328996454,0.14568339951384576,0.26192667690083454,0.37939088606489696
31,0.0005404267544592664,0.004364931399064743,0.0034008844915777766,0.01145981396670907,0.029139936256817055,0.02412258333493967,0.03596423102759943,0.04131195982891693,0.066278015772773,0.14247270215304716,0.26155362894920264,0.37939088606489346
32,0.0005404267544591048,0.004533158626146888,0.0021296304758942606,0.00759389458784064,0.02093336120157947,0.021654660922081632,0.03816743889430849,0.04846070681399246,0.0701514108988044,0.143694835937775,0.26274958882223004,0.37939088606488747
33,0.0005435505006131908,0.0024990826645306416,0.0021296304758944397,0.007769887529616454,0.02444837300965432,0.028804359667586973,0.03767948799146947,0.0413119541642715,0.07014388243024972,0.14454818847341283,0.26073071702780054,0.3793908860649
34,0.0005404267544591633,0.00132055283077249,0.0021296304758942172,0.007813067605588506,0.022146254705495555,0.02880421847545393,0.03767967251627766,0.041269475457145335,0.07250423425312622,0.14484795191169697,0.2615536289491987,0.37939088606489124
35,0.0006205545805423276,0.004364931399064584,0.0034008844915775546,0.011679171509259468,0.02328829568843192,0.021658531679467526,0.0358099530243619,0.04832847183342862,0.06629049869521163,0.14322421050203515,0.26194361053172494,0.37939088606489435
36,0.0005310675781592091,0.0013205528307723476,0.00340088449157755,0.007769465758634125,0.029190008248191207,0.02165891011777773,0.03767603900507448,0.04375488872593814,0.07016315478436601,0.14439649173593383,0.26074765065867483,0.37939088606490057
37,0.0005435505006131888,0.004540687094661921,0.0021296304758944024,0.011503600338467599,0.022129321074613448,0.02165872559296712,0.03816351541555928,0.048417678289156635,0.06627801577279051,0.14367382680031063,0.2615705625800764,0.3793908860648888
38,0.000545776465046877,0.0014091859643815667,0.003400884491577585,0.007637311909990498,0.023303857223654335,0.028719271574413723,0.03598589324475524,0.043135318527032555,0.07015067186192349,0.14357135385012068,0.26274958882221455,0.3793908860648889
39,0.0005417988501189433,0.003193930033821418,0.0034008844915774817,0.007637311909989466,0.020933361201579525,0.028561817580350868,0.03614372567713557,0.04135773015245264,0.07249670578459438,0.14439823772177998,0.26194361053170107,0.37939088606489885
40,0.0005444043693870992,0.0024990826645303645,0.0021296304758942593,0.007813067605586919,0.02796091001466575,0.021589437823449992,0.03596791726016722,0.04548888091821964,0.0701431433934259,0.14454596250896803,0.26192667690082133,0.37939088606488336
41,0.0005435505006131805,0.002499082664530459,0.003400884491577395,0.011503178567486259,0.02213069317027319,0.02168062505632277,0.04018364215331765,0.0484176726244996,0.06627801577276432,0.14324105190591818,0.2607307170278008,0.37939088606489624
42,0.0005310675781592282,0.001328081299287542,0.0034008844915777666,0.011459761245336895,0.02093473329723945,0.021504253676232456,0.04035945057029196,0.048373019776156524,0.06629049869521711,0.14450068640477004,0.2619266769008368,0.37939088606489424
43,0.0005270899632313172,0.0031939300338214263,0.0021296304758943447,0.0075937100630369125,0.022129321074613177,0.028715532620473005,0.038343194589903026,0.04140170477305645,0.07015562631584271,0.14484881144515405,0.2615705625800766,0.379390886064897
44,0.000527089963231315,0.0014963085263699123,0.0021296304758941747,0.007593947309213805,0.020933361201579626,0.021658347154659432,0.035810137549170826,0.050239613212209,0.07251671717556091,0.1457772844663851,0.26192667690083277,0.37939088606489313
45,0.0006170951925003498,0.004357402930549408,0.003400884491577543,0.007637549156167378,0.02089885074542803,0.021655223885202423,0.035989394952535184,0.04832978419241546,0.07251671717557139,0.14327953431233195,0.26192667690082383,0.37939088606489707
46,0.0005310675781592267,0.004357402930549324,0.0021296304758941847,0.007593710063036417,0.022094810618461778,0.021747217534448863,0.0359858932447581,0.0483720736803913,0.07251745621243529,0.1437262226477926,0.26155362894918555,0.3793908860648874
47,0.0005409449813450863,0.0024915541960155814,0.0021296304758942576,0.01167893426308222,0.022094810618461646,0.028807851986656904,0.035810190270536175,0.04313363905904679,0.06863910663248791,0.14372882250240268,0.2615536289491792,0.3793908860648915
48,0.000543550500613201,0.0025801873296247076,0.002129630475894331,0.011503415813661527,0.02089885074542807,0.02403375628783652,0.04302473367636575,0.043134372431251,0.06628480520441733,0.14454913456918622,0.261926676900835,0.3793908860648865
49,0.0005284620588911156,0.00266730989161287,0.0034008844915776326,0.007637496434794822,0.02919000824819112,0.021654660922088804,0.03581387650311898,0.04548814188135577,0.07016389382124542,0.14249381710215783,0.26157056258007794,0.3793908860648877
50,0.000544922596272977,0.0013205528307723504,0.00340088449157759,0.007637549156167586,0.02801098200603974,0.021680572334945365,0.03782989523732604,0.04371129254363205,0.07015067186192589,0.14357220205420626,0.2627495888222374,0.37939088606489685
51,0.0005457764650468711,0.0033621572609039475,0.0021296304758943166,0.007637311909989629,0.02448288346580601,0.028650124997026023,0.035967917260165364,0.041269475457147084,0.07015067186192145,0.1456655141225371,0.2607476506586741,0.379390886064888
52,0.0005395728856852814,0.0013280812992875353,0.00340088449157753,0.007637733680971664,0.020883289210205404,0.021746980288272592,0.03833927111115312,0.05019527232839261,0.07014388243027067,0.14362762375618027,0.2627665224531112,0.3793908860648921
53,0.0005395728856852871,0.0024990826645305353,0.0034008844915776517,0.0077697030048114206,0.023286923592772325,0.021589763540386397,0.035967732735354155,0.05023922910925114,0.07014314339339413,0.14324640161651186,0.2619266769008332,0.3793908860648921
54,0.0005310675781592227,0.0013205528307723396,0.0034008844915774327,0.007769703004811432,0.020933361201579636,0.021746980288266736,0.03581013754917302,0.050237928079570324,0.07251745621243834,0.14441436579793046,0.26192667690082777,0.37939088606489335
55,0.000543550500613188,0.002499082664530551,0.0021296304758943595,0.007593710063036674,0.02212932107461342,0.021589763540387337,0.0403631368028633,0.04837264133784463,0.07014388243026792,0.14367383246497117,0.26157056258008665,0.3793908860648907
56,0.000544404369387073,0.002491554196015218,0.0034008844915778087,0.007813304851764359,0.022077876987579733,0.02165834715465455,0.037675986283706636,0.04841879009968066,0.07250423425311972,0.14247010229843096,0.2615536289491963,0.37939088606488697
57,0.0006290598880684193,0.002499082664530706,0.0034008844915778356,0.007637311909989906,0.0279439763837834,0.024188228204569413,0.035810190270537286,0.043134201051853324,0.07014388243027755,0.14247270781769827,0.262749588822225,0.37939088606488885
58,0.0005284620588911183,0.0026748383601280204,0.0021296304758942892,0.007593710063036694,0.029138564161157357,0.02150449092241158,0.035964231027595744,0.04553079763253224,0.0701563653527136,0.14383439493154498,0.2615536289491981,0.37939088606489635
59,0.0005284620588911172,0.0013280812992875267,0.002129630475894227,0.011459576720532081,0.0209333612015795,0.024008786276391518,0.044916168106818206,0.04131269886579573,0.06628975965837847,0.14495300044932186,0.262749588822216,0.37939088606489363
60,0.000531067578159211,0.0013280812992873374,0.002129630475894355,0.007769703004811306,0.0220778769875795,0.02856531928812578,0.035964231027596244,0.04326718073392569,0.07250918870704591,0.1449132058834727,0.26155362894920636,0.37939088606489546
61,0.0005449225962729818,0.004453564532673781,0.003400884491577477,0.007637549156166872,0.020950294832461743,0.024030448493569927,0.035967732735361316,0.04126909135418295,0.07720383056697736,0.14322411827503523,0.26192667690082977,0.3793908860648906
62,0.0005293159276650178,0.002499082664530705,0.003400884491577585,0.011459813966708865,0.02089885074542793,0.02159326524816335,0.043200673896771236,0.04553136528999735,0.0662904986952231,0.1424557741868091,0.26274958882223426,0.3793908860648914
63,0.0005435505006131817,0.0014091859643816339,0.002129630475894448,0.007593710063037211,0.02212932107461325,0.02150118312815153,0.03614367295575972,0.0502384957370366,0.07250497328996604,0.14568467371785462,0.2607307170277971,0.37939088606489474
64,0.0005270899632313209,0.0013280812992875525,0.0021296304758944467,0.007637311909988752,0.0209502948324619,0.024008407838086464,0.04491616810682471,0.041358102926104784,0.07015562631587526,0.14484881144513276,0.2627495888222236,0.37939088606488847
65,0.0005395728856852877,0.002499082664530792,0.0021296304758942667,0.011459576720531491,0.0232537852322805,0.02871553262046988,0.037855480933237665,0.0413123326025862,0.06627801577275237,0.14463942712630196,0.26192667690083055,0.3793908860648991
66,0.0005449225962729887,0.003186401565306289,0.002129630475894122,0.01167893426308253,0.024431439378771923,0.02871596378014627,0.035813823781746267,0.041268357981970316,0.06628554424130163,0.145823378842816,0.2607307170278065,0.37939088606488525
67,0.0005270899632313178,0.0013205528307722392,0.0034008844915775086,0.0077696502834397425,0.020951666928121643,0.021504632114542968,0.043024970922547874,0.04562074312511593,0.07016315478437439,0.14357617966914912,0.2627495888222422,0.3793908860648851
68,0.0005310675781592195,0.0032825631674306137,0.0034008844915774023,0.0076374964347942385,0.02214625470549566,0.028565319288124898,0.03614003944455934,0.04126909135418714,0.07250918870704628,0.1443964917359393,0.26073071702778783,0.37939088606489796
69,0.000541798850118955,0.004453564532673849,0.0021296304758944566,0.011503415813663442,0.022146254705495465,0.021654845446898358,0.038342957343724275,0.04833016263072186,0.0662772767358958,0.14449849037222368,0.26073071702779077,0.37939088606489907
70,0.0005310675781592232,0.002587715798139913,0.0021296304758940112,0.007637549156167604,0.02212932107461341,0.024183979008881612,0.035813823781733804,0.04313532419167746,0.07721631348941117,0.14367382680034316,0.2615705625800756,0.379390886064903
71,0.0006290598880684281,0.004357402930549559,0.0034008844915773525,0.0076375491561659304,0.02093336120157965,0.021501130406781473,0.04320417560453579,0.043622659410033494,0.07015067186192385,0.1424056965307878,0.26276652245310833,0.3793908860648882
72,0.0006179490612742296,0.003369685729419043,0.002129630475894315,0.007637549156166492,0.023252413136620527,0.02871903432823692,0.03581013754916544,0.04126946979249823,0.07015562631585699,0.1448980295677604,0.26274958882221433,0.3793908860648931
73,0.000632183634222435,0.0013280812992874191,0.002129630475894408,0.007637549156166642,0.020933361201579646,0.028561633055546123,0.038497235346962345,0.04313420105184618,0.07014388243026981,0.14484483383020846,0.26276652245312093,0.37939088606489557
74,0.00052708996323132,0.001592470128494148,0.0034008844915775624,0.007593947309214525,0.022077876987579487,0.028715911058783284,0.038167201648126425,0.043177802898805684,0.07015636535271375,0.1444519134379058,0.26074765065867705,0.3793908860648909
75,0.0006290598880683337,0.0031939300338214988,0.0034008844915775368,0.01150341581366313,0.022130693170273264,0.02385431435965824,0.043204175604537445,0.04126873642027817,0.06627801577276166,0.14441517135266044,0.26073071702780726,0.3793908860648931
76,0.0005332935425929963,0.00132808129928767,0.0034008844915776252,0.01150317856748609,0.020881917114545564,0.021501130406768345,0.04507026158525929,0.0436226537453697,0.06628975965837373,0.14455127662301195,0.2619266769008349,0.37939088606489213
77,0.0006290598880684758,0.0013280812992875592,0.002129630475894344,0.011503600338467054,0.024482883465806116,0.02889148222957361,0.037679487991464866,0.04126909135419101,0.06627727673591062,0.14484795757638017,0.2615705625800662,0.3793908860648901
78,0.0005435505006131901,0.004533158626146677,0.0034008844915774323,0.007593947309213782,0.020883289210205467,0.028719597291357885,0.03580995302435572,0.04131195416427822,0.07250497328999896,0.14338112912655393,0.2619266769008143,0.3793908860648846
79,0.0005284620588911176,0.0015849416599790494,0.002129630475894335,0.007593710063038213,0.022077876987579584,0.021504816639353226,0.03831784614015554,0.050238495737038064,0.07016389382123947,0.1457387233241529,0.26073071702779144,0.37939088606488697
80,0.0005449225962730009,0.00150383699488489,0.003400884491577376,0.007637733680971936,0.02089885074542793,0.028804359667584014,0.03581363925693608,0.04313494008871606,0.07249670578458459,0.14362365180591463,0.26274958882223765,0.3793908860648917
81,0.0005332935425928637,0.004364931399064518,0.0021296304758943,0.007593947309214427,0.02088191711454562,0.024096856446888738,0.03598957947733709,0.04131307163944116,0.07721631348943792,0.14454596250897056,0.2619436105317235,0.3793908860648892
82,0.0005319214469331043,0.002499082664530561,0.0034008844915775,0.007593710063036869,0.02913993625681734,0.02150486936071566,0.03800583545773272,0.043754894390587586,0.07015562631587606,0.14329163645950188,0.26073071702779826,0.37939088606489246
83,0.0006197007117684537,0.0015038369948849383,0.0034008844915776716,0.011503415813663362,0.02093473329723952,0.02856512537461534,0.035964046502792384,0.04313458515481609,0.06864406108642679,0.1435891356850911,0.2627495888222295,0.379390886064895
84,0.0005457764650468631,0.0015924701284940898,0.0021296304758942754,0.007593894587841478,0.02794260428812356,0.02401228798416381,0.03767603900506751,0.04131269320114253,0.07014314339340638,0.14491098558371268,0.26274958882221827,0.37939088606488847
85,0.0005310675781592228,0.0024915541960153316,0.003400884491577498,0.007637733680970475,0.020934733297239393,0.02176533471117505,0.03783358146988986,0.048329039490906577,0.07251745621243251,0.14241813998451985,0.26274958882221927,0.3793908860648949
86,0.0005395728856852886,0.0026673098916129806,0.002129630475894185,0.011503178567483762,0.023305229319314176,0.021747543251402147,0.03581019027053101,0.05019562726230538,0.06628480520440523,0.1444993499056446,0.26192667690082216,0.37939088606489896
87,0.0005404267544591504,0.0033621572609037623,0.003400884491577546,0.00763754915616774,0.020900222841087723,0.021655039360398913,0.04287451095530888,0.043710547842128744,0.07015141089877835,0.14362677555208192,0.2627495888222108,0.37939088606489635
88,0.0005324396738190319,0.0024990826645306463,0.0021296304758943708,0.007637733680971672,0.022077876987579587,0.021504253676241366,0.04320048937195474,0.04557582891919241,0.07015636535272236,0.14456469610441502,0.26073071702779144,0.3793908860648873
89,0.0005404267544591434,0.002674838360128038,0.002129630475894533,0.007593894587842102,0.02209481061846175,0.02856125461723853,0.04018738110725901,0.04140097140085214,0.07014388243028088,0.144551306554917,0.2607307170277803,0.37939088606488675
90,0.000544404369387089,0.002674838360128202,0.002129630475894267,0.007637496434793775,0.020933361201579508,0.02856531928812407,0.038317846140160816,0.04322283985011179,0.0701438824302609,0.14367297293154,0.26276652245312215,0.3793908860648975
91,0.0005444043693870721,0.0014167144328967236,0.0034008844915774713,0.007637311909991516,0.020881917114545668,0.021501130406772588,0.038009574411677634,0.04832978419241206,0.07249670578461205,0.14364109799901117,0.2627495888222262,0.3793908860648898
92,0.0005409449813450862,0.0024990826645306568,0.0021296304758941934,0.007813252130393194,0.020933361201579615,0.023857816067425996,0.035964283748962836,0.0431345851548224,0.07720456960384878,0.14460491100548997,0.2619266769008109,0.37939088606489646
93,0.0005409449813450855,0.004364931399064608,0.0034008844915777176,0.011635332416128599,0.02088191711454552,0.02865381122959867,0.03831779341878927,0.041311386506799955,0.06627801577275885,0.14328048607276475,0.26194361053172593,0.37939088606490107
94,0.0005270899632313194,0.0013205528307725161,0.0034008844915775784,0.007593947309214493,0.0220778769875794,0.021676701577564593,0.037833765994701,0.04846127447146441,0.07251745621245002,0.14364593514737664,0.2615536289491781,0.37939088606489
95,0.0006197007117684628,0.0026673098916128483,0.0034008844915775142,0.0075938945878414954,0.020881917114545755,0.024011909545854294,0.04473672617865591,0.041313077304096404,0.07016315478437939,0.14245401687165518,0.26276652245311594,0.37939088606489674
96,0.0005319214469330961,0.003369685729418847,0.0034008844915776517,0.007637311909989224,0.020898850745428087,0.024008786276392722,0.04287456367669249,0.04135773015244544,0.07015562631585685,0.1444470762895433,0.26192667690083143,0.3793908860648909
97,0.0005270899632313195,0.0031939300338212815,0.0034008844915774565,0.007637311909990339,0.02328692359277223,0.021830653863860378,0.035813823781741534,0.048328477498085595,0.07015636535273248,0.1436840646250703,0.2627495888222262,0.37939088606489096
98,0.000533293542592918,0.0033696857294188212,0.002129630475894354,0.007593710063037586,0.02330385722365454,0.02871959729135339,0.035810190270543135,0.04140132633474344,0.0701556263158653,0.14566551978717138,0.26192667690083943,0.3793908860648856
99,0.0005404267544591172,0.004446036064158643,0.0034008844915776166,0.011678934263082039,0.020898850745428067,0.021501183128146906,0.038321479651354406,0.04832978419242096,0.06628480520442637,0.14328005253923426,0.26192667690081917,0.3793908860648924
100,0.0005319214469330675,0.0014963085263698776,0.002129630475894474,0.01150341581366244,0.02212932107461347,0.028803981229275903,0.03581382378173889,0.04313363339438818,0.06865158955492087,0.14486185968810775,0.26155362894919604,0.379390886064899
101,0.0005310675781592331,0.004533158626146827,0.002129630475894341,0.007637549156167768,0.024449745105314034,0.021743478580506376,0.03581363925692978,0.04833015696607545,0.07016315478436398,0.1445468163777607,0.26073071702778744,0.3793908860648941
102,0.0005417988501189286,0.002491554196015411,0.0021296304758942363,0.007594131834019801,0.022129321074613437,0.021589200577272767,0.04507002433906843,0.043665693599521514,0.07015067186191903,0.1436765245465945,0.26157056258006545,0.3793908860648963
103,0.0006282060192945026,0.002491554196015354,0.0034008844915776044,0.007769650283438761,0.020951666928121674,0.021504632114540335,0.03783013248350176,0.04837338037471445,0.0725042342531207,0.14322809588996016,0.261926676900821,0.37939088606489374
104,0.0005435505006131861,0.004453564532673803,0.0021296304758943473,0.0077696502834381075,0.02209481061846161,0.021500567443660308,0.03596796998154228,0.04366589499376928,0.07720456960385441,0.14372527655200235,0.2615536289492049,0.3793908860648854
105,0.0005310675781592171,0.004357402930549578,0.0034008844915777046,0.007813489376569182,0.02093336120157954,0.024100542679464716,0.03580995302436168,0.04126852936137159,0.07722384195793637,0.14240351888041808,0.26276652245311344,0.3793908860648989
106,0.000544404369387051,0.0027559430252220214,0.003400884491577643,0.011503178567485665,0.02213069317027303,0.02150449092241469,0.03831779341878196,0.05019432056797179,0.06628554424129654,0.1432242105020362,0.2607476506586654,0.3793908860648879
107,0.0005409449813450854,0.002763471493737082,0.003400884491577592,0.007593947309214267,0.02212932107461316,0.028564940849808693,0.040183642153326295,0.04131138650680167,0.07014388243026377,0.14242306369520896,0.26155362894920625,0.379390886064897
108,0.0006157230968405383,0.0024915541960154833,0.003400884491577708,0.007637311909990266,0.022077876987579508,0.02385431435965549,0.04507026158524871,0.04126873642028217,0.07016389382124193,0.14328090640800034,0.2607476506586728,0.379390886064895
109,0.0005404267544591396,0.001503836994884822,0.0034008844915775385,0.007593894587842899,0.020951666928121625,0.021589200577271143,0.04302865715512033,0.045532482765169295,0.07014314339340065,0.1435753314650278,0.2627495888222254,0.37939088606489935
110,0.0005293159276649656,0.0015924701284940044,0.0034008844915776244,0.007637549156165444,0.024448373009654408,0.02150056744366179,0.037833765994696365,0.04832942359386357,0.07015636535272261,0.14362676988740927,0.2615536289491988,0.37939088606489124
111,0.0005279438320052337,0.0031939300338212242,0.002129630475894368,0.00776970300481258,0.020881917114545543,0.021747543251385802,0.038163515415553476,0.04837338603936889,0.07015562631584905,0.144899395998757,0.26276652245310594,0.3793908860649009
112,0.000540426754459093,0.0013280812992875605,0.0021296304758941023,0.01167893426308253,0.023253785232280416,0.02865012499702683,0.035967917260157994,0.043133639059048885,0.06627801577275616,0.1448989699988923,0.26274958882221267,0.37939088606490146
113,0.0005279438320052238,0.003193930033821256,0.003400884491577653,0.007813304851765148,0.02443143937877206,0.028719034328239797,0.0358101375491663,0.041357369553894865,0.07015636535272156,0.14362814198306878,0.26157056258007505,0.3793908860648923
114,0.0006165769656144153,0.0024915541960154985,0.003400884491577486,0.00776946575863488,0.022129321074613253,0.021658962839151863,0.03581013754916049,0.05023849007238745,0.07251745621242528,0.14240570219546045,0.26157056258006445,0.37939088606489446
115,0.0005444043693871571,0.0015849416599792942,0.002129630475894392,0.007637311909989974,0.020934733297239373,0.023854692797973465,0.03596796998153085,0.04313494575337848,0.07721135903549356,0.14484260220114845,0.26276652245309845,0.3793908860648866
116,0.0006205545805423664,0.0031864015653062104,0.0021296304758945707,0.011459813966709599,0.02450118919234801,0.028741074983721762,0.0359642310275877,0.04131195982893069,0.06629802716374454,0.14484260220114464,0.26155362894918094,0.3793908860648891
117,0.0005409449813450816,0.002491554196015621,0.0021296304758942355,0.011503415813662798,0.020881917114545845,0.021658910117777142,0.03785155745449476,0.04841767262451215,0.06863910663248286,0.1445677276235525,0.2619266769008192,0.37939088606489774
118,0.0005310675781592201,0.0013280812992877051,0.003400884491577717,0.011459998491513171,0.020883289210205627,0.02889148222957002,0.03767948799147316,0.0414013263347481,0.06864332204955954,0.14446349735818487,0.2619266769008274,0.37939088606489346
119,0.0006330375029963358,0.0013280812992875063,0.0021296304758943087,0.0076375491561668455,0.029190008248191353,0.024012287984164136,0.03785174197930239,0.041269091354181546,0.07014314339340086,0.14486091359232114,0.26155362894919904,0.37939088606489435
120,0.00052708996323132,0.0024915541960153936,0.0021296304758942086,0.007813252130391624,0.024482883465805988,0.028719034328244315,0.037676039005072035,0.04135736388923931,0.07016389382125239,0.1436778100798953,0.26157056258007183,0.37939088606488625
121,0.0005435505006132033,0.0031939300338214476,0.0021296304758942,0.011678934263083926,0.029208313974733377,0.02174353130187813,0.03581382378174174,0.04362134705104716,0.06627801577277058,0.14566731975173405,0.26073071702778816,0.3793908860648942
122,0.0005284620588911159,0.0013280812992873942,0.0021296304758944787,0.011679171509259751,0.020933361201579494,0.02150094588196713,0.04489445316828398,0.04362192037316183,0.06629049869522903,0.14495300044930995,0.2627495888222333,0.37939088606490234
123,0.0005319214469331514,0.003193930033821656,0.0021296304758943647,0.01167917150925932,0.022096182714121455,0.028565319288126886,0.03596423102758906,0.04135773015245154,0.06864332204954673,0.14489404628817376,0.2615536289491849,0.3793908860648973
124,0.000532439673819021,0.0024990826645304915,0.002129630475894352,0.00776946575863369,0.022077876987579566,0.023858379030541797,0.037830132483500686,0.041312693201139165,0.0772163134894353,0.14465238314223702,0.2607307170277882,0.3793908860649005
125,0.0005324396738190292,0.0045406870946618615,0.0021296304758942905,0.007637496434794461,0.020933361201579435,0.021504632114541348,0.03831784614015719,0.04832977852776603,0.07015562631586722,0.14460093905520532,0.2619266769008184,0.37939088606489524
126,0.0005332935425929838,0.0024915541960153003,0.0021296304758940655,0.007637733680971049,0.020898850745427806,0.021834102850256325,0.04002936415009601,0.04832921087029123,0.07016315478437522,0.14463554173834645,0.26192667690084276,0.37939088606489096
127,0.0005435505006131865,0.0015038369948850014,0.0021296304758942463,0.011503178567484916,0.028010982006039818,0.02400878627638881,0.03581387650311952,0.04313494575337006,0.06627727673590775,0.1449334612991721,0.2627495888222287,0.37939088606489596
128,0.0005417988501189915,0.0031939300338216297,0.0034008844915777523,0.007593947309213553,0.024482883465806033,0.02898398612056411,0.03580995302435817,0.04131269320114355,0.07014314339340094,0.14359226509591624,0.261553628949186,0.3793908860648929
129,0.00054440436938715,0.0014167144328965865,0.0021296304758942797,0.007637549156167857,0.02088328921020549,0.02167670157756836,0.04302860443374969,0.04548850247990819,0.07014314339340903,0.14573389750509289,0.26192667690083166,0.3793908860648889
130,0.0005324396738190209,0.001416714432896834,0.0034008844915777913,0.011679171509259966,0.024499817096688196,0.028561817580358834,0.035967732735364084,0.043134940088716496,0.06628975965835288,0.14439511964027354,0.26073071702779504,0.3793908860648974
131,0.0005332935425929496,0.004364931399064673,0.0034008844915774245,0.0075938945878408935,0.022094810618461795,0.02889110379126235,0.035813876503113976,0.04131307730410122,0.07250918870704176,0.1433633359622489,0.2607307170277976,0.37939088606489635
132,0.0005404267544591516,0.0015038369948848647,0.002129630475894186,0.007594131834018543,0.022077876987579348,0.028649887750841447,0.03783358146989723,0.041312332602583914,0.07249744482145037,0.14572231358481494,0.26074765065867817,0.379390886064898
133,0.0006157230968405562,0.0024990826645306667,0.002129630475894344,0.007637496434793414,0.022146254705495683,0.02871572653398579,0.03834319458990624,0.04313494575337075,0.07015562631585527,0.14450071633664083,0.26073071702779754,0.379390886064889
134,0.0006290598880683697,0.0033621572609037627,0.0021296304758943348,0.007594131834019025,0.02913993625681729,0.023854508273171517,0.03596773273536244,0.041311959828918735,0.0701514108987732,0.14573786945537717,0.26073071702780964,0.37939088606488464
135,0.0005435505006131893,0.0026748383601279922,0.002129630475894294,0.007593947309214608,0.023236851601398104,0.028715532620469563,0.03581363925693619,0.0431789260386332,0.0701431433934029,0.1446523774775924,0.2619266769008245,0.379390886064893
136,0.000544404369387076,0.002587715798139799,0.002129630475894193,0.011678934263082839,0.020881917114545658,0.02165489816825833,0.03767967251628432,0.048328477498077366,0.06863157816398205,0.14372536311434184,0.262766522453121,0.3793908860648854
137,0.0005444043693870416,0.002499082664530481,0.003400884491577616,0.007813067605586092,0.024482883465805988,0.028808230424965952,0.03767603900507674,0.0412683579819718,0.07014388243027934,0.14322463083725667,0.26074765065867245,0.3793908860648897
138,0.0005332935425929779,0.0015849416599789834,0.002129630475894339,0.011459761245337366,0.02212932107461316,0.024008601751592144,0.042874563676681264,0.04317780856346705,0.0662980271637352,0.14485953583202807,0.26155362894918505,0.37939088606489435
139,0.0005435505006131925,0.002491554196015583,0.002129630475894233,0.007637733680972237,0.029156869887699208,0.02418397900888058,0.035813639256938326,0.04313532419168159,0.0701506718619191,0.14381253192529658,0.2615536289491958,0.3793908860648937
140,0.0005449225962729808,0.0024990826645305917,0.0021296304758942376,0.00763773368097199,0.02920694187907339,0.02150463211454812,0.03613980219838876,0.04548776344304614,0.0701438824302853,0.14376109350291544,0.2615536289491905,0.3793908860648827
141,0.0006290598880683644,0.001328081299287447,0.002129630475894277,0.007637549156166418,0.020881917114545668,0.02150481663934393,0.04320048937197063,0.04548776910769395,0.07014388243027261,0.1457392415510175,0.2619266769008434,0.37939088606489574
142,0.000616576965614426,0.002499082664530671,0.0034008844915773386,0.007637549156167315,0.020934733297239383,0.021680387810137838,0.035964231027595196,0.045487769107697446,0.07721705252630567,0.14242125806601544,0.2627495888222266,0.3793908860648928
143,0.0005449225962729847,0.0013280812992875117,0.0034008844915777653,0.007769465758634753,0.022129321074613323,0.028565178095983204,0.04018364215332628,0.041313077304098535,0.07014314339341583,0.14448374710922027,0.26074765065867594,0.37939088606489335
144,0.0006321836342224032,0.002499082664530712,0.0021296304758943057,0.007769465758635166,0.029191380343851058,0.024008460559457885,0.03767967251627517,0.041312332602571764,0.07014388243025364,0.14367246036931472,0.2615705625800894,0.37939088606490357
145,0.0005319214469330548,0.0024990826645306147,0.003400884491577539,0.007813304851764584,0.02207787698757944,0.028564940849805237,0.03783007976213424,0.041356417793462094,0.07250992774391886,0.14329396031560035,0.2607307170277979,0.3793908860648961
146,0.0005404267544592067,0.0015849416599791437,0.0034008844915776435,0.007637496434794,0.029156869887699433,0.021500945881970043,0.035967969981536285,0.04548776910769946,0.07015141089877046,0.14444968180882156,0.2607307170277953,0.37939088606489757
147,0.0005270899632313174,0.003193930033821465,0.0034008844915776977,0.007637496434793396,0.02328829568843185,0.02183041661768175,0.0358138765031102,0.04833015696607213,0.07015562631585291,0.14448773038882196,0.26194361053170884,0.3793908860648966
148,0.000628206019294521,0.0026673098916129476,0.0021296304758943734,0.01145957672053324,0.022077876987579428,0.021658584400831998,0.042870824722749785,0.04553174372830486,0.06628554424128606,0.14374618779781634,0.2615536289491998,0.3793908860648965
149,0.0005395728856852932,0.0013280812992875776,0.003400884491577726,0.00781330485176477,0.02794260428812366,0.021504816639346166,0.0378298952373219,0.04362265374538342,0.07014314339343732,0.14455748020237918,0.26192667690081123,0.3793908860648818
150,0.0005270899632313178,0.00159247012849419,0.003400884491577614,0.007637549156166646,0.024432811474431923,0.028719412766552696,0.03581013754916221,0.043134945753368625,0.07015562631585534,0.14362762375619248,0.2615705625800796,0.37939088606488724
151,0.0005449225962729992,0.0032750346989155912,0.002129630475894299,0.007593894587841816,0.02794260428812381,0.024183979008880866,0.03581387650310983,0.041313077304099624,0.0701506718619233,0.14573474570922176,0.2619266769008272,0.37939088606488897
152,0.0005324396738190238,0.0024915541960154374,0.00212963047589433,0.007637733680969923,0.020881917114545814,0.021676701577567063,0.037833581469893574,0.048417672624507226,0.07251745621243726,0.14372390445634492,0.2627665224531116,0.3793908860648938
153,0.0005457764650468496,0.003193930033821492,0.0021296304758941973,0.007593894587841314,0.02212932107461338,0.021834481288567527,0.03816375266173264,0.04837338603936462,0.07014314339340964,0.14493123533474606,0.26157056258007255,0.3793908860648898
154,0.0005404267544592594,0.0031939300338214615,0.002129630475894408,0.011503600338466247,0.022130693170273143,0.021830416617687094,0.038167201648129416,0.048418056727471744,0.06627801577276175,0.144846579816064,0.2615705625800765,0.379390886064895
155,0.000544404369387084,0.0013280812992875481,0.0021296304758944284,0.007637549156166622,0.02093336120157965,0.021593449772957865,0.0361398021983938,0.05019489389007536,0.07249744482146017,0.14484397429678014,0.26276652245312654,0.3793908860648907
156,0.0005319214469331816,0.001328081299287613,0.0034008844915775264,0.0076374964347932835,0.020881917114545675,0.023943141406779604,0.03800957441166995,0.0412683579819719,0.07721705252628332,0.14362416436814662,0.2627665224531141,0.37939088606489724
157,0.0005270899632313158,0.004357402930549453,0.002129630475894204,0.007593710063037643,0.02328829568843175,0.028561439142043284,0.03614372567714563,0.04131307730409272,0.07016315478438509,0.14460491100546013,0.2619266769008454,0.37939088606488336
158,0.0005279438320052547,0.004357402930549573,0.0034008844915776114,0.011459813966709054,0.022096182714121445,0.028561633055551452,0.0361436729557678,0.041311959828917943,0.0686515895549238,0.1433673135771697,0.2607307170278125,0.37939088606489396
