,intasrelativeprobabilityoverfreshlyinfected,intasrelativeprobabilityovertotalinfected,intasfractinfectednbrs,intasrelativeprobability,intasconstantprobability,intasnumofinfectednbrsnormalized,intasconstantprobabilityoverfreshlyinfected,constasavgnx,fractbyrand,constasmaxnx,constasnx,intasconstantprobabilityovertotalinfected
0,0.011408899378867023,0.02539703169815371,0.02581763725376061,0.06027084621543612,0.046483895819923654,0.05173006827312692,0.04907065208127288,0.07656766066996332,0.11239318270322327,0.15974462636986242,0.1616455766387662,0.2194699228976438
1,0.009947479019470485,0.03580150738197425,0.025394048363770887,0.0929420842061353,0.04186886317571756,0.05270251454957767,0.039720772447433404,0.1006164387721607,0.09645244348031695,0.160326119033486,0.1632030215618762,0.1810247080080807
2,0.010052060061847518,0.026385192736071535,0.03878687201031843,0.023060403392758527,0.04353972571593219,0.05274661597078012,0.07402586153321453,0.07718486637225996,0.11835733575374655,0.1603795840262129,0.16619698609562808,0.20928449633122967
3,0.011142869195650204,0.026270794705533805,0.025842138591673215,0.025103031625153868,0.027823086533996743,0.04804386662076351,0.0489692108968262,0.16466642165621578,0.11260122174953456,0.1607714673045364,0.16528552028351107,0.18348037083660482
4,0.00995120545090674,0.026968601904623465,0.03764804747562043,0.0625187394359789,0.06154914596346692,0.050486357832592435,0.03710169083758985,0.09490571466858863,0.11132415031377733,0.1599331956848724,0.16106197027538433,0.18655118015659858
5,0.011121332268709785,0.02540426369451852,0.025526374779028898,0.0237828936219414,0.04976488265269859,0.04912622350498173,0.086851178041762,0.09374117996755835,0.12561842903938394,0.15977031581270854,0.17216168765233064,0.17713123896437755
6,0.00994672259454341,0.034277242283100626,0.03858993570600497,0.06128791934771213,0.0783143364361005,0.048512089483932236,0.03009175385866025,0.07740616546519026,0.11351634321714615,0.16028597636619796,0.16718792215598655,0.1805835930854249
7,0.01122151444095403,0.02602451516806506,0.03866627769313414,0.10313139490122306,0.021413843047759996,0.04891300357775608,0.03628790106268972,0.10164728364115386,0.1109880269581085,0.16013205221205995,0.16138588267399898,0.18018830462309685
8,0.009975494325480021,0.025145561078185084,0.0249366220864906,0.02257129817958092,0.08086752907472496,0.049318344188423076,0.08742328097480055,0.07164429616823279,0.11595008760695306,0.1598075284108703,0.1727290060428014,0.17963095186345726
9,0.010094502227712658,0.025418383768249814,0.025886329694026478,0.02295002533094857,0.02145342300963862,0.048600964889268676,0.08147973846596951,0.14245841786964789,0.11125826841183091,0.1596511403076873,0.16455356799952475,0.1861952380254947
10,0.01004954969902771,0.03496713107989143,0.025459447437065554,0.07123496717544132,0.08075665100374646,0.05193130011960188,0.04056592115225901,0.09429712983951791,0.09196124932447988,0.15979071933780145,0.16405102277044067,0.1749349110607266
11,0.010118410557476079,0.03526309800594477,0.024938741016623127,0.021889273149652645,0.04762856277247455,0.05241180622907444,0.11317779136509472,0.09473535916625007,0.09551389544926683,0.1600770996434457,0.1702449582714657,0.17400100437323127
12,0.010000754818285846,0.025048532757772676,0.038917304390543736,0.060230702435824506,0.045086995136437845,0.048274432523162915,0.07124993565410385,0.0790065944343433,0.11436561286899169,0.15963846287185623,0.17004148531592847,0.17813918679274893
13,0.010077320554659841,0.026169424930184614,0.058732262319859715,0.023414489369784606,0.04046754919250744,0.05063190181253935,0.04944216887048825,0.1155718294202058,0.09386357854854181,0.16035584470981,0.18694123173346572,0.18433239853795277
14,0.011173321761524151,0.03367937749185309,0.03759974165215423,0.02178037161093787,0.08198154330236113,0.05350814974598576,0.028516404792693937,0.1330389766333007,0.09063060437687223,0.1600690891069366,0.17824544997564795,0.16977696954973226
15,0.011135257584260927,0.025833421619176244,0.02538976090314656,0.022709202200868733,0.022322489627574806,0.05054513215696586,0.04894950094597078,0.13850480164462037,0.11341273755198353,0.16020780452186584,0.16616723548420706,0.21482265575935927
16,0.011137804725080913,0.03471807017527025,0.0378337939025674,0.060230702435821584,0.04923568678328898,0.05297749722464643,0.027241709903180075,0.07044692980818323,0.14898954058623956,0.1602792879337997,0.16513380182123427,0.18177517470068766
17,0.010184560278119327,0.025140033272760275,0.05807494674733084,0.06248944196988422,0.04833346991653456,0.05184092982260482,0.04851106445844894,0.07352460927935275,0.09217902429923595,0.1594615975788247,0.19131684384905395,0.17894347852784973
18,0.011218315448548077,0.02560640101059652,0.024870645506284487,0.057143415373376444,0.020022658005644657,0.05266078889397193,0.04880158229681339,0.13862064982827765,0.1163411738930775,0.16055830995534823,0.16318598677981833,0.18097007300824275
19,0.010099673713675535,0.02595740745991739,0.02608230175914603,0.061476914415166936,0.041751494838852654,0.04951415782185365,0.050530482560362626,0.11044590035032242,0.1149565330394065,0.15991772249354794,0.16760842818588081,0.1816589833618675
20,0.009935888961600367,0.02590943659992263,0.02503886403298392,0.061604313382874705,0.04295003744566549,0.05128697371770371,0.04885182211205559,0.07734230202067788,0.11322904931253265,0.16103995519289535,0.1706322761478964,0.21217908107319128
21,0.009874639714548633,0.035488430519880335,0.05801300509363821,0.022882142872811435,0.048464538821202975,0.05382418403113073,0.040925333148911586,0.1114673228864528,0.1163814488688676,0.1594493332113282,0.1667482019729323,0.1764814188582952
22,0.011142939433053767,0.025506314950769916,0.02603627845633487,0.061209013155723364,0.0777488324289023,0.04915724779687776,0.048312610954985416,0.0771547087361067,0.11219697801963154,0.16029417988883637,0.16477534683787648,0.18646554934090157
23,0.010050124346288176,0.03622928583847717,0.025284132548054974,0.05609627291959454,0.04754271385516794,0.05145098454338438,0.04052549786685823,0.11026944448235952,0.09187503435953284,0.1597125719915938,0.1871088617998329,0.18385507544885546
24,0.011124461023738711,0.027076056586892657,0.03796709319859038,0.022932764476856073,0.05215717295411681,0.049890529770017365,0.0742780040266597,0.06920233361574575,0.11198994408724411,0.1602838141698235,0.171970622134591,0.21112720395572396
25,0.011213795814184463,0.025763795754889213,0.03793800017994437,0.033718042236821795,0.05073082468850054,0.05411258317423968,0.07683538028704184,0.06986079198265578,0.11018511980000421,0.16097921360311063,0.16049594644221135,0.20816650603639628
26,0.011174548260386758,0.033874753495044325,0.039453666786220525,0.06282588057137774,0.02150935980933547,0.05200504995755065,0.05939643064701636,0.10006769789892016,0.11273272558303388,0.1594639294450113,0.16800054839369669,0.1794954091524063
27,0.009873248835197064,0.03361422814501644,0.037748453233474644,0.022837430800613165,0.020556862545140848,0.05207570399692477,0.028796245530812364,0.1420725821000274,0.11075791601801141,0.1603129012036768,0.16781491299872422,0.21353951459238085
28,0.011339259066331849,0.03505366916268824,0.026139103118140484,0.02283743080060855,0.03057729100367291,0.04799281981540929,0.0792536947606401,0.12647146123051461,0.1097195296560369,0.16011201938072117,0.17018076191483986,0.18032296009039595
29,0.011218315448552278,0.0260958930784734,0.0380886202407492,0.024660861669165476,0.05190117097620879,0.05472069494386768,0.07463672008754056,0.07001901858706183,0.14394674670434623,0.16005233522702442,0.16440079357855827,0.1802588294584519
30,0.011166866411616507,0.0337984984218991,0.02571665207216317,0.03216988668067809,0.02144033860606478,0.05182495818301635,0.040859633654098185,0.1729743567788097,0.1149642412816511,0.15975317117639865,0.16373508897551747,0.17159630775808699
31,0.010098985084087415,0.02565442940213236,0.0260227684621074,0.02280536550915037,0.05164981528852907,0.05202934282312749,0.08886578064346336,0.07115293766142658,0.11150987748528064,0.16055393922636013,0.1638162901822789,0.21584046823205633
32,0.011240340170957272,0.033644209421128765,0.03853296845872157,0.022863257673777865,0.05079808878685804,0.04893533751855662,0.027325816208276846,0.11007832780983069,0.14479538034447223,0.1602546093199119,0.1674459355573125,0.18408572873019563
33,0.01110910775644049,0.026455757846299603,0.03807491818028276,0.06013297660218216,0.05056388841035388,0.051928787174830994,0.06892600404394839,0.06906267154398646,0.09021557924013925,0.16060045670717543,0.18530581174066973,0.1876240407536908
34,0.01124988749789055,0.027257561384768567,0.0377872717588819,0.02195055379768568,0.04237050519988865,0.04831417412126471,0.03709698917166014,0.11625847505773047,0.09142930546312658,0.16020785632731838,0.18657560058038947,0.21950181963939489
35,0.010044462199312399,0.024950835704228444,0.038414341810275206,0.06024611463091216,0.04118538368086198,0.0548515596345184,0.06876098365628909,0.07923862433718629,0.09592872038586238,0.16017907872176346,0.1920942616225775,0.17410563361621265
36,0.01118512865658952,0.025454454708045613,0.07060852490342438,0.062469784138320494,0.05057153782967486,0.054173891638402194,0.03879641458473794,0.06909860725571718,0.10961198954727217,0.16064548125888833,0.1628629968659406,0.18452118861298672
37,0.011315726616691621,0.035726483997888116,0.025805092122101227,0.07192223956683243,0.039986171706749264,0.04808213491777016,0.04205673174191422,0.07633758026541854,0.11632028210905355,0.16037873770986358,0.1631312559182954,0.2089375633274219
38,0.009969075753552785,0.03441441922777247,0.038608861624606146,0.024601841837419258,0.02002201027341288,0.052299083964457656,0.0276442045687964,0.14132990804513734,0.1425384769141345,0.15995395750384664,0.16105066290353498,0.1875674973833289
39,0.01124734035708986,0.035669576718089645,0.07070512522004066,0.022740286656592543,0.04496099615063191,0.05182920372879339,0.027624218247384372,0.11495138990441466,0.11378377468428325,0.1600773353683324,0.16785635224275625,0.17855440072159098
40,0.010126092406261597,0.034159517301723,0.026249570567192047,0.07086740455262754,0.05172149612522614,0.052393541733700214,0.04058291309184586,0.0708814187865052,0.14765080729161922,0.15972449611866904,0.1637568487302129,0.1718858932944172
41,0.009940371817958017,0.034355259431415326,0.05865061042132318,0.06286353504498475,0.02225379400968844,0.05434384083616417,0.040352510569347834,0.10091965252685728,0.10920296987787263,0.16010614897981543,0.1638586729400754,0.1831526335444976
42,0.011038885829686635,0.03472946780223198,0.03843122906236355,0.06030600764962806,0.05370035208808821,0.053185774607536186,0.027947206489782866,0.06982533317199269,0.14342926637483785,0.1599789136421371,0.16478797768545908,0.1826395855962558
43,0.011253086490305757,0.025461233780240317,0.03806391099633084,0.06187259543331428,0.053527386313365434,0.054657867336878684,0.03608433222068907,0.09986762361398407,0.11477965130345363,0.1597142341701954,0.16344159451314394,0.1812764838280986
44,0.011350778886827508,0.0274016957870977,0.02546544540979296,0.02336473233681077,0.04531594570952917,0.053182603409606025,0.0899927778317452,0.07603486657518434,0.1103102043893677,0.1602672931968325,0.16430506513579585,0.2130085913314103
45,0.009956340158872853,0.026696601039683455,0.025340777366904266,0.05630193034704274,0.04976663471779913,0.052288566832633644,0.08711387087871353,0.07180519214209943,0.08926660476228811,0.1595975862675218,0.18773994387265633,0.18412595161378478
46,0.010128028121806871,0.026747869471670096,0.0383969644360588,0.022688622689177436,0.04042119736482774,0.05192271037138685,0.036993077952492924,0.14048233954802883,0.09192771210240974,0.15983971917913384,0.16201498872162223,0.21843677004138468
47,0.011212546286185206,0.0252285294813224,0.02578300367185986,0.06031473494421559,0.045153937087963635,0.048335705177405736,0.04949050242375898,0.07754492916681696,0.14857571319670515,0.16020826970933394,0.16085565362597157,0.187296475228461
48,0.011180645800228439,0.03498601778273316,0.038692954022846615,0.0634366006669036,0.04071384040959676,0.05242477018927734,0.027188372322179456,0.07651805460744308,0.12440565687206742,0.1595589805453701,0.18376261826489465,0.18713148851645942
49,0.011168838905159722,0.033680269869300936,0.03778547811364299,0.09371078403862199,0.051745332050177624,0.05267511312330764,0.02733711187973213,0.07343388095468792,0.11192481098465605,0.1600098622838053,0.16395318729958133,0.18257533049732635
50,0.010002620296448113,0.026995329684863126,0.07055199662459635,0.02365457464668493,0.04653427747613901,0.04916683762543654,0.0737852666425226,0.07861314479610433,0.1126319750768027,0.1600824298994144,0.16821229311687735,0.17976925411411063
51,0.011289763874151393,0.03503227862696908,0.025526325572831077,0.023506437458878194,0.04715701950119066,0.04879089806448287,0.04053787079994608,0.14019799615073594,0.11728461145282223,0.16005201106996747,0.1618637086627948,0.18876107876523024
52,0.01004191505849429,0.026405476769391447,0.038190565723825606,0.0228160216568809,0.03991449087005259,0.048522018015979725,0.07705548299009359,0.11118647572815368,0.09136610717571378,0.16045330811867065,0.1841904232818005,0.18985771461094328
53,0.010010265367224016,0.0253675711885247,0.02512383182111297,0.0735449106521044,0.039737224294840376,0.05066466183717882,0.04930316026077476,0.10160893240474768,0.0925552093158706,0.15976593438690295,0.1717434885030275,0.20057480996769128
54,0.009956269921486254,0.03507947069436925,0.0260252243096786,0.022559074292057914,0.04398625538629776,0.05301429610538257,0.07306423747644622,0.1174995713810318,0.10938379514365137,0.16014692991009113,0.16436215001119164,0.18492272536831547
55,0.009974785108784143,0.02628586519339268,0.025848698479460877,0.06092629425402811,0.08518558480803941,0.051447234530826065,0.04866366169817923,0.07105070856877327,0.11052909475829381,0.16097328749352513,0.1720553380505157,0.17705944705618146
56,0.011034402973330614,0.03441111182930253,0.025917777018868136,0.06033761226734672,0.048867282531176476,0.049380920806885574,0.039490569209430434,0.10444835144875923,0.1167103911982257,0.1598916050521676,0.17292929474765883,0.1765806809168482
57,0.010002038682243645,0.026204613122554943,0.025750848058132443,0.022889979707159006,0.050361061006908917,0.051794204376944396,0.04898316889777382,0.1435772931604142,0.11355602651236205,0.16030618777067238,0.16477404027246034,0.18180053843237376
58,0.011171349267972266,0.0355670781772815,0.025050486773517813,0.07230578955207298,0.0471349091132405,0.05185913390679185,0.04105711264400025,0.07185474275208008,0.11454418447683162,0.1603545317586388,0.16792422246878244,0.20117645910878995
59,0.011117424059616882,0.033742977071618024,0.025140297195193964,0.022868333356541395,0.022606278116172888,0.05024966144856229,0.07941659668675151,0.13354665560422568,0.1116065727948904,0.16038384606471362,0.1616221296984805,0.18769922790323298
60,0.010250944233149057,0.026538891682149023,0.02509171643789305,0.03221616649266261,0.02220005444568613,0.05200753414562936,0.08705707381499196,0.10192235209904044,0.11280709498743233,0.1598557008071494,0.1629562798889861,0.20709619096523066
61,0.010074121562243566,0.034262260911667904,0.0382748896139424,0.022193456531364005,0.05223001690160141,0.04901362957381486,0.05966369641778725,0.11049696993147638,0.11359629721190931,0.16060516703756922,0.16679530680146293,0.18279418750516066
62,0.009972237967976087,0.034868181536940074,0.03739974445454807,0.02193555296163317,0.0222125448550624,0.04835935783166479,0.028582261443754163,0.1726941230269285,0.11606809794893652,0.15985423431202714,0.1701368776162848,0.17791678604424435
63,0.010047554176343046,0.024944473399663238,0.03816779552614552,0.06428921899226941,0.05009812368137577,0.051475592913084296,0.03670424807197691,0.10940549710459625,0.11700962965415306,0.16008767176403638,0.16426922973146518,0.17350096498489087
64,0.011345677638261664,0.03443815168211345,0.025329132271822017,0.024601841837420632,0.079000384023049,0.051502360283792806,0.04106557551665938,0.10943974541663219,0.11475725427686863,0.1599875568227301,0.16216330852447738,0.18636901170617282
65,0.009950630803644672,0.026252706332705752,0.037852235877787396,0.024124858259214566,0.04660837447849481,0.0516727691805695,0.07552765942493127,0.10539431342353303,0.11587483106815613,0.1597855230990501,0.1640809169073755,0.18287518114453735
66,0.010048263393036319,0.02617063541711568,0.0246733402163795,0.060811941638441905,0.04093974363456051,0.048978874063279144,0.0490473482826956,0.1027968685940638,0.12635522636428656,0.1600150908998008,0.17092320800862967,0.17923945948771064
67,0.01113845657667488,0.025505385294810858,0.05787558060216301,0.021995380422975924,0.04729123028586393,0.05349983915395469,0.04998012165834543,0.11704388014965926,0.11147352018469352,0.1595777791109658,0.17741813753500907,0.16720068902488355
68,0.011119396553148227,0.026494613254445697,0.07055190019583829,0.02282520691309614,0.05279247691205043,0.04810768883414146,0.037439785634190474,0.10986800418294713,0.1145517320499352,0.16044367568441545,0.16221102856558406,0.1835944912202073
69,0.011216342954992613,0.025414085298257078,0.025261348941467223,0.022980151587896302,0.08046766664015938,0.05147318951039454,0.048248649075444704,0.11022012769055266,0.09236016979798994,0.1599850475888556,0.1942276258372083,0.17814559507678174
70,0.011315081732052383,0.03412202500985269,0.038957163644307936,0.062426459210204614,0.052018219540728314,0.04902639341172211,0.059852460852766604,0.07029284125233695,0.1131833491314418,0.1600780675295979,0.17418417245138582,0.17454376623360282
71,0.011282763688013248,0.03369898883049982,0.038480553171979535,0.023325508719689803,0.05009877485212874,0.049098997943608565,0.06655701798061087,0.09388648608246425,0.12310704733099513,0.1604816971024882,0.1706873760540085,0.17929478824351347
72,0.010083668889193454,0.025450039172212762,0.05811721955801258,0.061126305659134426,0.0212630720308634,0.048664584601896786,0.04921026316090061,0.10218613914928563,0.1152816445201945,0.16054510861981397,0.170432454514348,0.1776395001241438
73,0.011211860098634119,0.03427159131486711,0.03799877658546365,0.02228361019284021,0.04753071509635046,0.048318332162210986,0.028382810573964006,0.11475607260627921,0.11319653346649301,0.15973116861723372,0.18166865951174171,0.20064986977392188
74,0.009955113659999721,0.03416025312260286,0.05872207694394372,0.021947776849150284,0.05163734043512176,0.04952481606298552,0.0801550139107378,0.07027668465542879,0.11216479112906516,0.16029180754413158,0.17018745870139887,0.18097686698543392
75,0.0100551888168696,0.026562692831854827,0.02491488681940524,0.021961324498515015,0.061947974553959374,0.050931034340047185,0.08776111173523776,0.0946576408532477,0.11435582592290497,0.1600738260282883,0.17028914029334652,0.17648935330632365
76,0.011406963663318356,0.025779982564405012,0.025405192097599404,0.022561961829220233,0.04683395211807973,0.05104412438322543,0.04929290864742043,0.16439450702600283,0.0959158045089393,0.16000983299594138,0.16387336919070233,0.1834814009751457
77,0.009946722594541681,0.03378943508197039,0.03761791157380702,0.062390692736036445,0.022028560152052297,0.05181440131201501,0.027753882713621725,0.10250411352261646,0.14495197151709036,0.16030701199235717,0.15942820677466446,0.18746709002922687
78,0.011202962181246466,0.025214818974160863,0.03809713094760381,0.060369677558810106,0.0736541419711801,0.049045001459973724,0.037159445375202674,0.07774590258684563,0.11677553590715559,0.16051367839090078,0.1640814341558326,0.1861402704910877
79,0.010038006849404162,0.0262838032653577,0.03807384402500667,0.02363746071197564,0.04762791160162525,0.04793586027277771,0.03709518480450825,0.10999378587276197,0.11663101021480302,0.16027059517988085,0.16959892968834808,0.21281360751355072
80,0.009969075753559705,0.03424907486939533,0.03839822642281108,0.060454355087322394,0.07535152819907452,0.053046085061959486,0.027702332948273234,0.0772086971385625,0.11527054936471709,0.16019678746149266,0.1632279318851077,0.18492535580772415
81,0.011142976211036248,0.0273372782190325,0.026572851499890283,0.0616416260358065,0.0510583053713968,0.0489779382877066,0.050461747786011146,0.1022261443401181,0.1129363224479499,0.1606865872372265,0.16342467747918768,0.18353354508463776
82,0.011117424059610321,0.034160351499194254,0.038652507378104065,0.05557763140622216,0.04959466737552077,0.051467878132154685,0.027008329438156956,0.10745797540573597,0.11313769002480834,0.16022504399266702,0.17274066471083863,0.17885983657698695
83,0.011242312664497291,0.02654775220887333,0.02548225039162363,0.031487279961127546,0.04093909246376167,0.05202580376386249,0.05085848267148933,0.14874343995594067,0.11552664603795106,0.16094488082777753,0.16696795817679672,0.16923410087629887
84,0.011118005673810397,0.03508204177334182,0.0261433910546907,0.024453276453972158,0.02148552732297054,0.051804820512602164,0.07847677792646623,0.10047246862253117,0.10954539034320682,0.15989948537567922,0.17155135211482167,0.209967462825907
85,0.011233414747103768,0.03505336088057066,0.026591412457577006,0.02179777551322061,0.08556914124070196,0.052173592023469086,0.07980443283061654,0.06993528111678363,0.11304750307839848,0.16015564376457436,0.15922788351569842,0.18541055883128546
86,0.010164179318235456,0.027022153392104568,0.03737330620019491,0.02202585737357168,0.043629103640743565,0.051460953891461755,0.03684436046681075,0.13957530879269248,0.12393419279988722,0.16073109999785504,0.1697696425150283,0.1774698416114143
87,0.010151443723550589,0.026538575336893265,0.026519628077374003,0.09300149618304492,0.04443753411916136,0.05190189956970699,0.04871838224254081,0.08105595540777799,0.11065957644619719,0.16055395712712245,0.17122669779783536,0.17523485396879504
88,0.00995314116645221,0.025573819557775497,0.025917756239386715,0.022048494680829204,0.04722837475244895,0.05424741024801192,0.08702846384744006,0.0741924004004419,0.14728813528485132,0.16016503666699397,0.1645168644656418,0.1818401026897265
89,0.009974785108793668,0.026092725170014656,0.037581716471327985,0.021837827127988645,0.060399187667881354,0.05463596780648037,0.07617961976830603,0.09482819459318673,0.11266796648422997,0.15963207241707175,0.16498918046481517,0.18118075691990376
90,0.010113346086894348,0.034885829714412994,0.03879059439377349,0.02319606760912584,0.081169917589403,0.04853797222098799,0.06800590569442641,0.09427702703898279,0.09080348998657763,0.16058804189988443,0.16055419674933435,0.18907761101619677
91,0.010002038682234031,0.0341167317304965,0.03772970879399718,0.06049649057412085,0.07934985477370818,0.05255932597869555,0.028235050389357332,0.07696063454193973,0.11121581567033327,0.1603084692796539,0.16494213909179897,0.1840837404936644
92,0.011116140195657398,0.03503226948916176,0.02600203328429808,0.02203178354203957,0.05223508137220673,0.052534642586350794,0.07806545603254661,0.07162452033267638,0.11380358930322121,0.16075189033390022,0.1605458470351464,0.21625674649279478
93,0.011122595545562169,0.02621728351194843,0.03748631828430106,0.022828245544397163,0.046603310007985344,0.05270094093146683,0.036546653778860134,0.11189490019622443,0.0922021311624714,0.159943029848316,0.19402347459355013,0.20843111659491703
94,0.009946722594532185,0.03445928418439035,0.07110059842036096,0.0621566254064647,0.04189896192871588,0.053389864253983975,0.027661664143816822,0.07780210264320328,0.09112350546524882,0.1598702024108241,0.1881674959016411,0.18242297264681767
95,0.010106092285589282,0.02565866627905257,0.03815674971981758,0.023975367412451053,0.041645949681730715,0.054400522197083453,0.07504692950250366,0.07812300151970063,0.08903459297657565,0.15984623198943995,0.19569902479005608,0.20830687164599934
96,0.010094502227718268,0.02592396286425206,0.025649741547497665,0.022728608746570587,0.041432853417778796,0.052199530472886696,0.08738386530860787,0.07947898792001803,0.12672278553758867,0.16009086654480298,0.19377433348937342,0.17451996192290503
97,0.011109107756440589,0.025695497854015106,0.02493887812040592,0.024881971266227813,0.053365221617700416,0.04874446488709846,0.0878975504484045,0.09943565420568078,0.11588698251950141,0.16036480484210308,0.16715878281941712,0.18052108366300484
98,0.011117424059614113,0.02580503536994073,0.037888577741158246,0.02272044525264659,0.08050282986368675,0.0536667888351048,0.07481908706898116,0.07152428790419696,0.11662266509441425,0.1607462457605046,0.16335849724641383,0.18122811580333806
99,0.010044462199312645,0.03422180167573664,0.02548000324542618,0.022926033390905386,0.08071902232783645,0.0545471478097834,0.07845410327163746,0.09454047844560888,0.0914267373589384,0.15951199374961755,0.16488809229335183,0.1832401242318451
100,0.011408936156858302,0.03454736240135975,0.03812987202028399,0.06142603624300151,0.08470116473475348,0.05230404865295142,0.0267647379056613,0.07004834109156416,0.11360359668065388,0.16033318274633032,0.16745571091247025,0.17927701045411165
101,0.011284047551971118,0.025866808029976127,0.03778818674030083,0.02519938954277889,0.041079797942253214,0.05020735339762476,0.07560018075118297,0.07597706248115374,0.11623928158818002,0.16059751685940588,0.17029944154231605,0.20986093357285643
102,0.01111614019565451,0.025152063375577998,0.03806495279032086,0.02232574567964743,0.02875961254449961,0.05187130678708988,0.10757586070391455,0.09400628480446006,0.11408260410033226,0.16004921230753247,0.16404406958565748,0.182952147125313
103,0.009972237967965966,0.025848581859447977,0.025366229701149875,0.0613010917378789,0.05283263251607165,0.05212555228270512,0.04885827526756201,0.10297783537396825,0.1143026337650967,0.16055833297774713,0.16982313355921672,0.17603346299118972
104,0.011120623052019414,0.02541074756045157,0.03852115089622123,0.02272378591269603,0.0526784101277696,0.052499578630202305,0.035948833317004096,0.10751090133278945,0.1130661736847569,0.1607105022918246,0.16661480733215697,0.21319448586210796
105,0.01118064580022374,0.025103545312447125,0.038177378078767726,0.023714559830240067,0.05303261663008296,0.048786812723270026,0.07473200486057407,0.07017809047253508,0.11252526144531229,0.15985900157299593,0.17251869906167824,0.21019138421187278
106,0.009873355850583266,0.035992613572316756,0.038625039689822775,0.061624154786816855,0.04223856633093948,0.05122721744256356,0.026799900262386482,0.10217902365533602,0.12177815784276771,0.15986819562300408,0.16143047204449285,0.1883633028989702
107,0.01111997816736795,0.03485829824315529,0.03843268541433718,0.02288997970715939,0.0731007580633368,0.054088216128896104,0.02729604742051617,0.11874889675965335,0.09302746306100049,0.15975927397952078,0.18641367354436206,0.18026472951069433
108,0.011166284797400939,0.03373738173776123,0.03779285122063248,0.02357920099041961,0.027977305483748827,0.0492363344774735,0.06791988634690235,0.0929643080211939,0.11367772167003307,0.16001311498491322,0.1648257764773651,0.2171098337921558
109,0.011343741922699477,0.025795367004796562,0.02608929121402193,0.02238718958898174,0.04855800789899933,0.049379751511200984,0.08675211319547946,0.07134615770578322,0.09347256997111475,0.16017527643435672,0.19474065910121818,0.2099598744513477
110,0.010122963651230771,0.026131088362692356,0.03797984886102502,0.060538969285330625,0.040713840409632364,0.052317812504897976,0.03788084695475288,0.11160655900047758,0.11293035673179569,0.16036848685399704,0.16794234745296055,0.1814668799312071
111,0.010024081533846978,0.034177322219967436,0.024853105595316262,0.02473212834228767,0.0727875248947638,0.04817954374412647,0.07890381395045903,0.10266490416089835,0.09275285562706859,0.15991681784692538,0.16312936831185246,0.1878785337724875
112,0.01005081297589314,0.0256719787559558,0.05860007202138003,0.07147652841326141,0.04793601231912681,0.051575607945830125,0.049449498027793734,0.09545903784860002,0.09267284625491432,0.15950769501255221,0.170603541365995,0.16699636905869733
113,0.011117424059608002,0.026036236242774877,0.025118560982352666,0.06117212503038868,0.02244179015475381,0.048251556164381974,0.049691865140527335,0.10046792756217254,0.1465266891239458,0.16034350011038973,0.181293893292394,0.16753843213631062
114,0.00988290317752639,0.035419442360758883,0.05776726364382521,0.06214968745158173,0.05162832086661768,0.05209644437129312,0.04164108102872217,0.07127084711732679,0.11104822815473463,0.16013204499339734,0.1695446781379402,0.17741905869627594
115,0.010025947012001737,0.03359169036081311,0.025990046852733904,0.06183450096629549,0.0485800867190486,0.05420676376026373,0.03974099366091089,0.0713624613056971,0.09238542265385902,0.16028972611560202,0.18328002835793622,0.21871233223483802
116,0.009977339216549053,0.02608900699347391,0.03739886637255291,0.025497824662162737,0.028048989758994274,0.04954180904786872,0.03663259484551674,0.1328755426053582,0.11395770481186439,0.15960040929702937,0.16379016419266307,0.21658974819596674
117,0.009943570810370941,0.0341219558290698,0.038665839507433554,0.0602892965108426,0.04740265954749174,0.04865774261031091,0.027644613933544216,0.07453346352230147,0.09132224722036753,0.1604217277921513,0.1880776066533973,0.21891927606271866
118,0.00996710326001225,0.034580361107855076,0.025296742714229662,0.02331519579635846,0.04104834479968002,0.0488973340096186,0.1110500661681233,0.07961533202782455,0.09565054309305676,0.16029937124758534,0.1862235216227161,0.1840560841529399
119,0.009872667220976933,0.03500176002466054,0.0391175366136133,0.02357179993677482,0.04716208053320825,0.052551948303661014,0.06762428564971361,0.10262828072587982,0.0916163216817197,0.16058239113288997,0.18459814754854822,0.18567278062835377
120,0.009980558796058154,0.03440107231867731,0.03803653143701333,0.03159034624387083,0.047861926645335236,0.04896615616413687,0.02802873369723982,0.1686862301576508,0.09214878714861206,0.16091727296196726,0.1602695234741142,0.17911286095532428
121,0.009963377122996291,0.03467210706941685,0.07058521573458612,0.06034983615486126,0.044417967795007764,0.051586982571736606,0.02806399558735452,0.07766178379209104,0.11548517382672252,0.16062684869814298,0.16810684384729985,0.1784798677997842
122,0.01007290549363327,0.02658587761830492,0.025151179470251726,0.061061772784078996,0.04181744687749417,0.05171365273482452,0.04953213016233005,0.11141633904719989,0.11614244491354826,0.16016241484788,0.18181792159296808,0.1645259144574861
123,0.009882866399533381,0.03561062553339713,0.05795964891019651,0.06027004076098057,0.02750511448026545,0.052210404756954494,0.040399988124641587,0.0983286047868208,0.11141840490117563,0.16027369800883273,0.16414577474842731,0.1819948285887743
124,0.010036743572534566,0.025691736753368003,0.025568326233836286,0.09583275977551306,0.021481568786508705,0.048563748669171264,0.05003442688427658,0.1005084209367588,0.11128460150502643,0.16046600473226622,0.16004677788816282,0.19048488426257718
125,0.010055188816868855,0.02692382466875831,0.025650518708003618,0.022133414937329666,0.047157016062631986,0.05225637777293984,0.08707778445335734,0.12938608190168777,0.09190905967365999,0.16083587011964634,0.1610047143898252,0.18561014849529106
126,0.010020845763435475,0.03424057575264907,0.03876770798284656,0.031559216756899496,0.08144669103067098,0.05145776206185214,0.027593980200015283,0.11095787366486913,0.114860912970956,0.16001221350256895,0.16798155979673318,0.1711006605165037
127,0.011267139408342178,0.0258179207426813,0.03860798839120959,0.05523695501554049,0.050321939246930354,0.049555500698592825,0.07625921058324558,0.06952053963022456,0.11325549439978876,0.15974363293161734,0.16787223943921203,0.18254143951261495
128,0.01116377443458506,0.03527027823984393,0.03745771837237004,0.054553285240249445,0.04769693624346828,0.05106169218569011,0.06715198947885649,0.07097111720027213,0.11652520611115352,0.16011405921742664,0.16463393969390133,0.183400003582183
129,0.011112941203236385,0.02558861735070595,0.03799006051304224,0.022606461403102185,0.054532846142696705,0.054358240359775656,0.03862751923654059,0.13812576863510997,0.11125570686953873,0.1605577013194768,0.16031937850545736,0.18492475846131745
130,0.009875184550747136,0.03448846186383761,0.037621097076741376,0.022828094450255007,0.08293787871982257,0.049240088544163396,0.027054842627893896,0.10918718669463773,0.09210878599139777,0.16028718443760856,0.1949601741093979,0.1794110209334972
131,0.01004564148993044,0.035391160026410975,0.03830191401070106,0.06037008256305786,0.0741355541660743,0.04818550778856079,0.028361572704433322,0.08083599148706658,0.09226700298295176,0.16001432864843948,0.19020409676928898,0.1818871473630845
132,0.010074121562251546,0.03506663187709803,0.03816777449146849,0.02337289583072608,0.047156368330385716,0.052603975084589666,0.028896503757685255,0.10971560098233171,0.116012977404915,0.16058969189407524,0.16795497468974727,0.21038848409472596
133,0.011260720836424461,0.03506277986165682,0.025526014761362147,0.05483049181160988,0.04362845246993681,0.04849445866623416,0.04016241306302074,0.11490036605246193,0.09388736118245912,0.16008947422515454,0.18954861166374493,0.18260885540593447
134,0.01005070596050065,0.025503591216478105,0.03815003370230331,0.06509255692407832,0.023246222551330846,0.0487528700340196,0.07486227681576335,0.10134747268714689,0.11479286520437208,0.16009498449748788,0.167460493683687,0.1706459267228319
135,0.011215059091042576,0.03544367738514883,0.037597586605760305,0.09373112082232457,0.04667564201546542,0.05200781186417589,0.028254983912880137,0.07373710438729866,0.09045684079547091,0.16007341555479665,0.1878511736241926,0.1829555839414434
136,0.009868184364625032,0.03521906788267197,0.025567081590803696,0.10236935801463178,0.04054163486635227,0.048856683351456556,0.04012215063340304,0.08063610666667084,0.11381241744193826,0.15995866524862845,0.1730450969457897,0.1700035529930285
137,0.011341880969449379,0.03554841787746098,0.058659479983686785,0.03302548391278678,0.04074997695075821,0.051583160804697645,0.0788092461180322,0.07650341143815237,0.09590501229182487,0.1598898951648451,0.19373242886420589,0.1642516056240999
138,0.01124679552086154,0.025958595128266447,0.0386040884232551,0.024637005060938605,0.04690530736938799,0.050090536717434714,0.07510552601011898,0.12693510623073798,0.09262415425711831,0.16011423129980865,0.1606743685261061,0.1871042854559656
139,0.011038885829696338,0.034732974335422065,0.02529394489436677,0.022991268176354395,0.027182372682563755,0.05214245789188465,0.04019977623427259,0.13505825718541437,0.11271051464946226,0.1602599499930008,0.17966482952794643,0.1987247685996156
140,0.00997549432548694,0.026394382216645734,0.07100958149116093,0.060776166880048776,0.04613381441291928,0.049287230472087655,0.035738206615566724,0.07823916559229765,0.11561050628977039,0.15936963396675916,0.17641414917668766,0.171051668560569
141,0.011137804725067051,0.03402286559525953,0.02612089210145542,0.06200693235590073,0.047915078245084036,0.05426353244378376,0.04142960475789499,0.07067576588377074,0.09085989431101776,0.16056239301437658,0.18690588582973408,0.21409935073665515
142,0.011267721022548678,0.03490952533246219,0.0382995290167386,0.02195539436558005,0.0617906982953617,0.051991645374635846,0.02853359862897429,0.13158023354121423,0.11220735590964921,0.15992057813983424,0.18109880534266484,0.1664449150303362
143,0.010002038682245428,0.03454401172121593,0.02573221173520017,0.060534606892180765,0.06139661440305485,0.050534675744107214,0.0398164330110938,0.09587498518558991,0.11273615546903852,0.16032441749550197,0.1610071817064766,0.18749666795429487
144,0.009975494325470104,0.02533469439545522,0.03911457194525749,0.1024738176463296,0.031249469559752125,0.05104782010983461,0.036140290154884305,0.0939224535103467,0.11120252652627001,0.15981979807142932,0.1682342818911333,0.17148478186383725
145,0.011120048404770589,0.02559612480198737,0.026797811346151473,0.06297891428198922,0.043633120109079875,0.052716689162666586,0.048345821838917516,0.07618492007810372,0.11304523027483387,0.16008625600801854,0.16058544686039605,0.21890961683308524
146,0.010058387809283111,0.026193180968540966,0.07161443826899042,0.031779390549470245,0.027977308922332696,0.053732616493012135,0.07501295134270732,0.09743244995630966,0.10969707571704215,0.16012454414430613,0.16136561095300064,0.17501204487500452
147,0.009956269921481155,0.025298977750453096,0.02551412012441114,0.03322490563406263,0.02937290726414649,0.04929515575115616,0.0873110043796583,0.09443637299236463,0.11420425225424821,0.1602650879308086,0.16033289042117677,0.21078805557603278
148,0.011165000933433802,0.02602933136518878,0.02570410600322589,0.0229876260561221,0.020562578186470018,0.05193941306455195,0.05041334582087044,0.138932127664653,0.1467796194809543,0.16001296872660337,0.16169928263147124,0.1837746000664552
149,0.009935888961593538,0.026192418084818005,0.025030856707350255,0.02382419947670916,0.049024161114268876,0.05262148635849545,0.08768315601552391,0.07035884115762245,0.1500827890747905,0.1600545871625785,0.17790279986397695,0.16728881602227258
150,0.01121634295499853,0.0258152766638114,0.025960262425167316,0.02282520691309579,0.040216488231463864,0.050551432477305015,0.08208626447263091,0.11466857759366487,0.09344535352486501,0.15992891762854552,0.19113022753704437,0.18215564957740746
151,0.011287828158595968,0.03477300906802138,0.02562002103680942,0.09451076510838859,0.023776643136743367,0.050730429855947445,0.04074449906620433,0.10023635494643551,0.10925215712844069,0.16093309076500006,0.17616413140917211,0.17197107032024098
152,0.011221514440955517,0.03544116410329886,0.057555727069190626,0.023793549769675498,0.047547778325752785,0.05054213522526144,0.04098601335355867,0.13243166799510994,0.09083634821022167,0.15990520562044622,0.1645643594891832,0.18517453639734557
153,0.009951205450890507,0.026425931856147573,0.025253897779120214,0.0243588912803785,0.04160501707870574,0.049929150889493866,0.08702257500062975,0.0785543676642755,0.12450099994983578,0.16011479431891806,0.19081443375837034,0.18146873497323412
154,0.010099636935681605,0.0354802974056287,0.025676399131943018,0.09317127336554168,0.04101253040534937,0.04945946374614028,0.039878607728344805,0.08087717517598528,0.11604365608262715,0.1596829251324184,0.17058248693258662,0.17803554795775325
155,0.01008115852637928,0.025162298397570053,0.03800504407287251,0.09296967361956765,0.04730650269928525,0.05439104098702825,0.036599426922855983,0.07903520797250711,0.11053812938546097,0.16003955733420397,0.17194296449996993,0.1739289955822989
156,0.011240989580494338,0.025127384335031602,0.0262873399721155,0.06038263529131386,0.05360773557603669,0.05456286287335959,0.08099701520423896,0.07117025679715805,0.11069291419110115,0.15981822074209628,0.16220633781040095,0.1839063076266529
157,0.01126898429941049,0.03372605718610456,0.038983450514060644,0.023288410199458993,0.022028560152057463,0.05116107696695697,0.0607952128232928,0.1398747635667116,0.11130319189049902,0.16057522105314645,0.17078169000363,0.1762133813446711
158,0.00988163990067749,0.02602896400872196,0.024765602653085396,0.031723122923084476,0.04277542706517193,0.04921438184839384,0.08203452827448367,0.11645135664895254,0.09409886834883043,0.1602683028467236,0.19187785222855736,0.17087995325331745
159,0.010146960867185898,0.03573033464101928,0.07059794639946144,0.02257194591181896,0.04065521240850382,0.05343442223305777,0.028237298336086427,0.1178988436684854,0.0931236282724363,0.15958165225588494,0.18447637918333984,0.18354537582271993
160,0.009874602936543832,0.03383415020381773,0.025557261803663422,0.06270665507347649,0.04403694108008109,0.05174992984422592,0.041362600234535,0.07953858682201187,0.14242975837663363,0.16051701360095535,0.1622167051213317,0.18617579490272404
161,0.010176239450028638,0.034499853558471814,0.07035565257204518,0.06404091771948976,0.04502966603839667,0.053019234969628966,0.027692233179569384,0.07726958426076376,0.11054581448474196,0.16009904578648154,0.17112152837493777,0.17615022960544457
