,intasrelativeprobabilityoverfreshlyinfected,intasconstantprobabilityoverfreshlyinfected,intasrelativeprobabilityovertotalinfected,intasrelativeprobability,intasconstantprobability,intasconstantprobabilityovertotalinfected,constasavgnx,fractbyrand,intasnumofinfectednbrsnormalized,intasfractinfectednbrs,constasmaxnx,constasnx
0,0.005634281533328646,0.0006538294074647733,0.012630363862906484,0.012042910197313423,0.06271727128607411,0.05981287310341012,0.07998931497313813,0.09235168392781848,0.09895416405711503,0.1710902513315619,0.19687817677810712,0.20724487954176177
1,0.004664485157818963,0.0015038520194516256,0.01263036386287276,0.011134454952842675,0.03418069189935506,0.06000637110275467,0.10745412157483011,0.09235168392781687,0.09895416405709787,0.16996346964284564,0.19687973577998658,0.21027660602232712
2,0.004664485157820108,0.0013617207284141435,0.012642092179836029,0.0233856587105358,0.03418069189935154,0.05981287310342154,0.08041927353547697,0.09254518192712245,0.09895416405710612,0.1873313958288923,0.19687973577998769,0.20782272709203525
3,0.005634281533327358,0.0004100024933540308,0.01209607196525524,0.011850405910854175,0.034180691899354174,0.055866680341115735,0.08318765136064178,0.11073669437622416,0.09740921697680854,0.1877302624841604,0.19158797239642533,0.20931006826247917
4,0.0046644851578186534,0.03002770937638401,0.012096071965250338,0.024052379860094425,0.034180691899355346,0.055075118784684615,0.08635117171217906,0.09235168392782162,0.10214697129560112,0.15784954119409803,0.19158953139831916,0.20961464342839356
5,0.00466448515781902,0.030099689857278324,0.017383739978131873,0.011071448502247708,0.034180691899354645,0.05566520202435956,0.08327255912671375,0.09175362037072798,0.0979552371913494,0.17037608096780424,0.19158797239642142,0.2119892725277921
6,0.005634281533328079,0.000952572651093384,0.012630363862900732,0.011459349639065112,0.0627172712860725,0.06041093666055085,0.07795657617093045,0.09175362037068244,0.09906427986810062,0.17132135621588032,0.19687817677810338,0.20922121496329218
7,0.005634281533327165,0.0013542671073294515,0.012642092179813396,0.011695140192777991,0.03418069189935372,0.059804892786000693,0.11155599555298533,0.09466970083026341,0.09740921697682181,0.15855683922300326,0.1915879723964202,0.22090890932190346
8,0.005634281533326275,0.013564724447880712,0.01209607196527479,0.011308792524193716,0.03418069189935215,0.05507511878468009,0.11432220825114274,0.09728293624591305,0.09740921697682653,0.1578426688592492,0.19158797239642822,0.20969531611573264
9,0.004664485157820991,0.03025881426070824,0.017379846498600707,0.011134454952825938,0.03418069189935419,0.055625032478768356,0.07947205218800332,0.09235168392778935,0.09906427986809578,0.15801730296503952,0.19687817677808234,0.22097317902491134
10,0.005634281533327655,0.0003909306400552833,0.012645985659371752,0.011868484051316278,0.034180691899351835,0.05526861678397182,0.08365955095939724,0.09921395714974171,0.12660193238910564,0.17090874489091934,0.19158953139830584,0.2080372926451355
11,0.005634281533325641,0.0004179828108156033,0.012642092179843212,0.011245786073622347,0.034180691899354874,0.055067138467220306,0.08383106323937578,0.0923516839277774,0.10369191837585673,0.1867849872360842,0.19158797239641354,0.22256440186031032
12,0.00563428153332687,0.04198663905358734,0.012634257342427551,0.011719009223894048,0.03418069189935288,0.06000637110273555,0.07775171327308575,0.09447620283097541,0.0990642798681065,0.1576115639749258,0.19687973577998014,0.20805525411760223
13,0.005634281533326877,0.012705140848331783,0.012096071965275143,0.011675074626614315,0.03418069189935413,0.055673182341802116,0.08010531464627378,0.09704128838357967,0.09950018427164284,0.15825528018421528,0.22541631516670863,0.20771717413287535
14,0.0046644851578193265,0.0019054866000792106,0.016822097967100495,0.023410521454512993,0.034180691899354305,0.05566520202432196,0.07798235474502847,0.12296073887512347,0.0990642798680882,0.15920055543228878,0.19687817677810296,0.2072654091981799
15,0.00563428153332862,0.029120919451457755,0.016833826284019426,0.023795875410208486,0.034180691899353674,0.05507511878469136,0.07853758177209984,0.0923516839278111,0.09895416405709656,0.15919368309744222,0.1968797357799808,0.2094424380025102
16,0.005634281533326877,0.000634757554166088,0.01682209796710119,0.02338565871050198,0.03418069189935338,0.055268616783994,0.07796344850577687,0.12198419722320701,0.09740921697682368,0.15801730296504038,0.19687817677810754,0.21182155310260106
17,0.004664485157820454,0.0013724553324977184,0.017372011661227166,0.011868484051312161,0.03418069189935136,0.055075118784658025,0.07836231516105377,0.13532708100056898,0.0996103000826556,0.15879653452588915,0.19687817677809044,0.2064923455648752
18,0.005634281533328871,0.0003750419263850945,0.012642092179812528,0.012086844794599696,0.03418069189935254,0.05566520202433804,0.08537661278872007,0.1255778677703212,0.09740921697681977,0.1703692086329578,0.19158953139829996,0.2090934080750644
19,0.005634281533327959,0.0005870749574107698,0.012096071965260729,0.02403321943218496,0.03418069189935523,0.055067138467213374,0.0835676117766418,0.09254518192712567,0.10214697129559386,0.18709341860972534,0.19158797239643477,0.2114603657397255
20,0.005634281533326653,0.0291783235454948,0.012630363862863606,0.023990278547783687,0.03418069189935429,0.05581055016061635,0.07946362085125723,0.0970894382465979,0.09751933278782844,0.15802417529988735,0.19687973577999585,0.2095992074849939
21,0.00563428153332897,0.0007534322113337689,0.012642092179815654,0.011327952952151228,0.06271727128607354,0.055673182341790785,0.07836075615916831,0.09442805296792016,0.10225708710658453,0.1706862304251549,0.19687973577999138,0.20863992505668674
22,0.005634281533328306,0.012467796826365818,0.012096071965275151,0.011309786237058273,0.034180691899355166,0.055075118784668566,0.07798922707986981,0.09521961452439599,0.1307936664933216,0.15919368309744375,0.19687817677810487,0.2091618847808127
23,0.0056342815333272275,0.012761908161270834,0.012096071965266015,0.011246779786486123,0.03418069189935286,0.0556731823417711,0.11180913851342526,0.09249703206410127,0.10280310732117466,0.1580241752998864,0.19158797239643036,0.21168565871750789
24,0.005634281533327845,0.013057751638207236,0.012096071965255327,0.011458355926237595,0.03418069189935518,0.05507511878467711,0.07829631363423564,0.09921395714971677,0.09740921697683451,0.157849541194101,0.22541475616482162,0.21031394313323007
25,0.0056342815333273516,0.000652835694613075,0.0120843436483435,0.01124677978648761,0.03418069189935345,0.05981287310342245,0.07795657617092323,0.12163167500794184,0.09950018427165391,0.15802417529988808,0.19687817677809427,0.22239740680595121
26,0.005634281533328813,0.0008154449490630921,0.012096071965267685,0.011071448502225844,0.06271727128607561,0.05507511878468004,0.08303504531990723,0.09763935194071256,0.09895416405708746,0.16973923709336808,0.1915895313983207,0.21163303316996301
27,0.005634281533326308,0.028939238343709303,0.012084343648310514,0.024183776547065085,0.0341806918993521,0.056223096035917595,0.07772062136599824,0.09649137468951158,0.09806535300236364,0.15879653452588827,0.19687817677811045,0.21080251163044686
28,0.005634281533327528,0.0016612021201032545,0.012096071965261072,0.02400844526280859,0.03418069189935387,0.05507511878469221,0.08365096054084095,0.09235168392782203,0.10225708710659258,0.15785125927780844,0.22012611078501018,0.2111070867963793
29,0.005634281533326511,0.000391924352906831,0.01209607196525894,0.024182782834211852,0.0341806918993527,0.05507511878464864,0.08380528466526294,0.09921395714976095,0.0995001842716791,0.1591936830974397,0.22012455178314794,0.20660146766300383
30,0.004664485157821343,0.0015102018429638384,0.012096071965269056,0.011308881098837488,0.034180691899352154,0.055625032478787945,0.07798079574315554,0.09447620283095189,0.13079366649330626,0.15920055543228645,0.1968797357799853,0.22128367927728282
31,0.005634281533329959,0.0011469757886285628,0.01208434364833111,0.023192249285845155,0.03418069189935403,0.05507511878467636,0.08537661278870319,0.09309120214169841,0.10380203418684299,0.1591936830974421,0.22012611078502217,0.20709669606012598
32,0.005634281533327942,0.0006337638413142301,0.016822097967092647,0.02338665242337115,0.03418069189935299,0.0558185304780683,0.11157162470664782,0.09235168392783437,0.0989541640570855,0.15762015439348656,0.19158953139830348,0.21143682337411507
33,0.00563428153332808,0.0007963730957644071,0.012096071965287088,0.023405812851289325,0.06271727128607318,0.05622309603589559,0.08367829811680716,0.0944241594883736,0.10369191837586497,0.15762015439348534,0.19158797239643893,0.20812459046139234
34,0.005634281533326106,0.013501974581612125,0.012084343648332734,0.011265940214388747,0.034180691899353154,0.0598048927859802,0.10680711444684857,0.09447620283099024,0.09751933278783562,0.15761843630977468,0.1968781767780898,0.2102286121834679
35,0.00563428153332759,0.029835038099760555,0.0120960719652467,0.011738081077223706,0.03418069189935524,0.05981287310343764,0.07786479607000392,0.09235168392780792,0.0975193327878353,0.15896945054796427,0.19687817677811664,0.22311952220992054
36,0.005634281533327371,0.0004106392744518035,0.012630363862896616,0.023989284834906602,0.06271727128607131,0.056408613717725736,0.08539551902795504,0.09649137468947143,0.09906427986810015,0.15920055543229122,0.1915895313983187,0.2064682850744839
37,0.0056342815333273195,0.000592320382200886,0.012642092179820534,0.023796869123063186,0.0341806918993544,0.060596454342431785,0.08049386548084436,0.09230353406475418,0.09895416405710121,0.1873245234940462,0.19687973578000204,0.20660146766305393
38,0.005634281533325942,0.0006347575541659972,0.01736811818167519,0.023385658710524716,0.03418069189935365,0.055625032478767766,0.08327787245966074,0.12320628021698612,0.09906427986807725,0.1589625782131137,0.19158953139831786,0.20707091748603115
39,0.004664485157819196,0.014297433385734875,0.012634257342448692,0.011245786073622834,0.03418069189935326,0.06040295634310091,0.07734769236668443,0.09175362037067811,0.12594579636356396,0.15801730296503927,0.19687973577999401,0.21263024195196054
40,0.005634281533326495,0.012532433770896505,0.012084343648329658,0.011868484051321944,0.034180691899353445,0.05506713846720966,0.08476069756778662,0.09364111583580746,0.1322284977625847,0.15824840784936353,0.1915895313982906,0.2081643762157293
41,0.004664485157820724,0.014409758219390556,0.012634257342434195,0.01193157907650969,0.03418069189935645,0.060402956343115086,0.08327255912671261,0.1202901997574099,0.09740921697683112,0.1580258933835992,0.19158797239641495,0.21119043032040546
42,0.0046644851578209676,0.0021007934359039485,0.01737201166120715,0.011285012067705142,0.03418069189935372,0.055665202024319904,0.1139147511773254,0.09175362037068675,0.09906427986810637,0.1703692086329591,0.191587972396407,0.20804197130820454
43,0.005634281533326269,0.012762544942368878,0.012084343648330425,0.012062975763470816,0.0627172712860738,0.05506713846721791,0.0842350841457873,0.09708943824658031,0.09895416405707624,0.1585568392230025,0.1915879723964215,0.20924794629034404
44,0.004664485157818659,0.014039276330649811,0.01682209796710242,0.01126485792691316,0.034180691899353924,0.05562503247878933,0.11434798682523077,0.09254518192715895,0.09906427986808337,0.15784266885925163,0.19158797239642095,0.20801546836322682
45,0.004664485157819713,0.0013724553324975712,0.012630363862884141,0.023989284834921895,0.034180691899352834,0.056223096035915805,0.07772062136600752,0.09649137468942512,0.09906427986807993,0.15879481644217597,0.22541475616483628,0.20945377434608314
46,0.004664485157822324,0.0013438445890409034,0.01683382628404697,0.011289720670914534,0.03418069189935308,0.05506713846720318,0.08260508675757772,0.09502611652504891,0.09795523719136905,0.198912660354523,0.19158797239643935,0.21053321970666086
47,0.005634281533328997,0.0008271732659981908,0.012084343648340651,0.02338574728514748,0.03418069189935195,0.055075118784658636,0.0842024332368317,0.12088826331451233,0.10434805440143893,0.15761843630977337,0.19158797239641737,0.21016748392420026
48,0.0046644851578201705,0.01407022198095432,0.01208434364833431,0.011245786073630217,0.06271727128607033,0.059998390785294356,0.07839496606999004,0.09502222304551698,0.09906427986808922,0.1587879441073255,0.19687817677809158,0.20707191119888302
49,0.005634281533327429,0.0005769965283754302,0.012084343648349812,0.011285012067688071,0.03418069189935382,0.055075118784665485,0.08592652648279456,0.10501850492597381,0.10225708710658932,0.15919368309744011,0.22012611078502048,0.20864164314042163
50,0.005634281533327497,0.0005611078147045803,0.017368118181668907,0.011912507223210776,0.034180691899351995,0.055067138467221194,0.07732191379257677,0.12143817700863696,0.09895416405707598,0.1582484078493672,0.196879735779996,0.22243375639286223
51,0.005634281533328957,0.029716363442592847,0.017372011661197385,0.023579156709835153,0.034180691899354555,0.055075118784679127,0.07772593469899451,0.09447620283093973,0.09895416405710063,0.15761156397492734,0.1968797357799788,0.20879477462707088
52,0.005634281533326466,0.012542531593881917,0.012084343648324374,0.01124578607364229,0.03418069189935456,0.05507511878465851,0.08051105363639888,0.09364111583578169,0.10380203418687009,0.18638783866452996,0.1968797357799866,0.20801546836324464
53,0.005634281533327351,0.01269404931249467,0.01737984649859535,0.011695140192773621,0.06271727128607422,0.055810550160627304,0.08580125801803641,0.09235168392783459,0.09740921697682187,0.1578512592778129,0.1915895313983229,0.2090659114172789
54,0.005634281533327244,0.00040365266984142886,0.012634257342444744,0.011868484051276648,0.034180691899355554,0.05507511878467073,0.07836075615915945,0.12320628021700594,0.1028031073211444,0.15879481644217394,0.19687973577997656,0.22015881779962337
55,0.005634281533327659,0.029129893481771134,0.012096071965287464,0.023795875410196357,0.03418069189935359,0.05581055016059942,0.08008796740892167,0.0923516839278479,0.10225708710661405,0.15919368309743978,0.19687817677808997,0.20858403723055108
56,0.005634281533328445,0.0006168814147928875,0.012084343648344133,0.011893346795280178,0.034180691899355325,0.05506713846722845,0.10838171965587547,0.09290159762193065,0.1026929915101477,0.1585654296415664,0.19687817677808964,0.22110340103406073
57,0.004664485157821317,0.030149113633854235,0.012630363862911923,0.011264857926926239,0.03418069189935335,0.055617052161282036,0.077321754710762,0.09466970083025433,0.10369191837587398,0.1589625782131164,0.1968781767781017,0.21996930644974247
58,0.004664485157819141,0.00139950750325782,0.016822097967119067,0.011245786073606783,0.034180691899355416,0.05566520202431838,0.08527951935483383,0.09194711837000945,0.09950018427166218,0.1592005554322863,0.2201245517831208,0.21997030016261082
59,0.0056342815333294445,0.0003676983900213168,0.012630363862873065,0.012105916647905583,0.03418069189935492,0.05506713846722938,0.11422871006650068,0.0923516839278098,0.10214697129561165,0.15784266885925152,0.1915879723964134,0.22185590265369928
60,0.004664485157820138,0.013664839400853905,0.01737984649858511,0.01128401835486727,0.06271727128607103,0.05561705216130759,0.08263789674836046,0.09447620283092589,0.09740921697684438,0.15919368309744195,0.19158953139830928,0.2093659560886131
61,0.005634281533327841,0.0006427378716280413,0.012630363862910195,0.023989284834895253,0.03418069189935296,0.05506713846720682,0.08324522155072414,0.12830045023054532,0.09740921697682539,0.15896945054796532,0.1915895313983117,0.20834163082630702
62,0.004664485157822207,0.00193379940088288,0.012096071965285718,0.011246779786484683,0.034180691899354305,0.05566520202430708,0.11154740513442245,0.09704128838355257,0.09740921697684322,0.16997034197769165,0.19158797239641956,0.21265674489693376
63,0.005634281533325689,0.012697797311968255,0.01208434364832011,0.01169514019277371,0.0341806918993529,0.06041093666057607,0.08420243323681054,0.12260821665985855,0.0974092169768394,0.1587965345258877,0.19158797239643383,0.20869243495785322
64,0.005634281533327016,0.001337239200736926,0.012634257342438981,0.023237177595988718,0.03418069189935263,0.055067138467200974,0.11329883595637871,0.09708943824657595,0.09740921697683234,0.15801730296504643,0.1915879723964371,0.21050644741968422
65,0.005634281533327762,0.00037404821353338627,0.01264598565935971,0.02341052145449513,0.034180691899353424,0.055067138467222276,0.08261367717614021,0.09447620283096228,0.10225708710659942,0.18678498723608486,0.1915879723964281,0.21096740602649344
66,0.005634281533324775,0.029735435295891573,0.012084343648320426,0.011245786073618652,0.03418069189935396,0.055268616783992905,0.07891066985325668,0.11133475793331715,0.09895416405708371,0.15856542964156076,0.1968797357799936,0.2072060875002858
67,0.005634281533327166,0.01246779682636597,0.01683382628403286,0.01130879252421844,0.0341806918993525,0.055268616783996555,0.07836231516104802,0.09557213673962484,0.09751933278780235,0.15879481644217536,0.22541475616482054,0.2086426368532355
68,0.00563428153332874,0.0008053471260777508,0.012642092179849651,0.011694146479928372,0.06271727128607223,0.05506713846719391,0.0785322684391122,0.09921395714970213,0.09740921697683645,0.17014669416719447,0.19687817677811542,0.2092594094165888
69,0.005634281533327828,0.0011510626265468316,0.012084343648334068,0.02319224928584171,0.03418069189935353,0.0550671384672115,0.08569057167791129,0.09254518192711843,0.10369191837585255,0.187324523494048,0.19158953139829274,0.20784850566616161
70,0.005634281533328807,0.00040265895699028104,0.012084343648347234,0.023989284834877278,0.03418069189935498,0.05981287310343901,0.0773133233740299,0.0950261165250455,0.09795523719138884,0.15920055543229042,0.22541631516670124,0.20898431833420664
71,0.005634281533328086,0.029505324124418527,0.016822097967104783,0.011849412198009774,0.03418069189935213,0.05507511878468164,0.07851180319800602,0.09235168392785317,0.09895416405706926,0.15824840784936053,0.19687973577996615,0.22198727868084986
72,0.005634281533326112,0.0004307048406020482,0.016822097967080875,0.011849412198004445,0.03418069189935302,0.05621511571844926,0.07775327227496169,0.12296073887513322,0.09740921697681974,0.16996346964284437,0.19687817677810424,0.20990282129532103
73,0.005634281533328029,0.0009678965049191492,0.01209607196524219,0.011849412198023396,0.034180691899352994,0.05999839078528471,0.07732175471075448,0.10447248471141911,0.12594579636355982,0.1591936830974411,0.19687817677810893,0.21146135945256608
74,0.004664485157820254,0.002104050134349488,0.012642092179828056,0.011868572625918722,0.034180691899354375,0.06041093666055737,0.08536974045387989,0.09175362037069026,0.1276008592548124,0.17037608096780363,0.1915895313982931,0.20743933889669233
75,0.004664485157820291,0.0023109290557877396,0.012084343648336441,0.011115383099522785,0.03418069189935261,0.05980489278596521,0.08011374598300114,0.09254518192709955,0.09906427986809946,0.15801730296504005,0.2254147561648388,0.22068400744513583
76,0.0056342815333268684,0.0003857765304682395,0.012634257342454158,0.01189334679529076,0.03418069189935171,0.05506713846719052,0.07733910194812492,0.13848633663072066,0.09906427986809796,0.1592022735160009,0.1968797357799959,0.20923277968897738
77,0.005634281533327508,0.0004297111277506137,0.012084343648322626,0.02416470469376432,0.03418069189935287,0.05561705216131214,0.07798235474502456,0.09921395714973273,0.09795523719139491,0.15825528018421287,0.22541475616481416,0.2090676295009907
78,0.005634281533327933,0.029121913164309177,0.01209607196526901,0.01126494650155537,0.0341806918993552,0.0550751187846741,0.08010687364817226,0.09763935194070458,0.09795523719137193,0.158256998267921,0.19687817677810565,0.22179033832523382
79,0.004664485157819893,0.0015181821604259814,0.012096071965269099,0.011116376812371428,0.034180691899354756,0.05526063646651701,0.08002040688020548,0.09763545846114732,0.12605591217455364,0.17131448388103904,0.19687973577999046,0.209257558361306
80,0.005634281533326055,0.0006500814079918999,0.017383739978106917,0.023366586857241536,0.06271727128607202,0.0552606364665352,0.07798766807798335,0.09502222304555934,0.0975193327878191,0.15896257821311574,0.1968797357799807,0.20861586456626807
81,0.005634281533325379,0.0005781009270970835,0.012096071965259712,0.011502290523506795,0.06271727128607296,0.055075118784675935,0.07850493086313115,0.10714302382910634,0.10369191837586482,0.15802589338360068,0.19687973577999054,0.20815136274836854
82,0.005634281533327118,0.0011588147914340062,0.017368118181675784,0.01128972067089726,0.034180691899355124,0.05586668034111135,0.0853697404538654,0.12029019975740093,0.09740921697681863,0.1710902513315603,0.19158953139830012,0.20875275266425405
83,0.005634281533327296,0.0004217308102888257,0.017372011661202603,0.011850405910859813,0.03418069189935287,0.05507511878469917,0.08537988987430137,0.0925451819271482,0.12760085925478568,0.17131448388103787,0.19158797239641043,0.20703737206658596
84,0.005634281533329128,0.013280609287878763,0.016822097967104595,0.012086844794613482,0.034180691899354534,0.05507511878466736,0.08367673911493158,0.09502222304550098,0.12594579636353476,0.1576184363097753,0.19158953139830961,0.20906762950099994
85,0.005634281533328461,0.001342393310324032,0.012645985659384927,0.011695140192759294,0.06271727128607199,0.059812873103454546,0.07733910194814042,0.09254518192714957,0.09895416405707733,0.17014497608347842,0.19687973577998427,0.2102888951188469
86,0.004664485157818816,0.0013687073330244197,0.012642092179835925,0.023579156709814766,0.03418069189935324,0.0556652020243319,0.08066210067521919,0.12029019975739358,0.10214697129560679,0.15824840784936517,0.19687973577998488,0.20967224933825124
87,0.005634281533327942,0.0013731934805578674,0.012084343648348976,0.02319324299868433,0.03418069189935385,0.0558666803410726,0.08569057167788287,0.12029019975744537,0.10225708710659559,0.1585568392230043,0.19158953139832924,0.2092833369353972
88,0.004664485157818927,0.030111528860083656,0.017929760192694943,0.012086844794597637,0.03418069189935198,0.05506713846721935,0.07836918749588616,0.09235168392782414,0.0974092169768388,0.15855683922300542,0.19687817677811356,0.22239444622656532
89,0.004664485157820087,0.014738664852154446,0.012084343648319769,0.011719009223910658,0.03418069189935469,0.05507511878466108,0.07731332337402835,0.0925451819271313,0.10380203418687677,0.18679185957092864,0.1968797357799893,0.2102055515948248
90,0.005634281533327072,0.00035872435970792424,0.012084343648340214,0.011912418648600586,0.06271727128607367,0.05526861678397598,0.0777206213660302,0.10976015272427282,0.09795523719138147,0.15879481644217783,0.19687817677809488,0.21091533923801734
91,0.00563428153332838,0.001179929535944571,0.012096071965270265,0.023989284834903767,0.03418069189935236,0.05980489278598386,0.08261040009054589,0.09502222304551407,0.1276008592547992,0.15801730296504127,0.1915895313983127,0.20827453069100363
92,0.005634281533328676,0.012531440058044957,0.012634257342428932,0.011869477764167349,0.034180691899353674,0.05526063646650287,0.08010531464629367,0.09708943824661165,0.0979552371914071,0.1582552801842087,0.22541631516668684,0.2090676295009657
93,0.005634281533327789,0.000593314095052287,0.01209607196525592,0.011868572625942743,0.0341806918993553,0.05506713846719918,0.10960441905203873,0.0976354584611721,0.09906427986809138,0.17090874489091948,0.19687973578000387,0.20646729136164116
94,0.005634281533325137,0.0009379445674662412,0.012645985659380462,0.011868484051289199,0.03418069189935329,0.05526861678397829,0.07771906236414092,0.09921395714969695,0.1276008592548027,0.1578495411940967,0.19687973578000006,0.22020083976247024
95,0.005634281533326624,0.0009019902876459832,0.017383739978155288,0.024033219432192738,0.03418069189935336,0.05506713846720457,0.08304347665664662,0.09254518192709625,0.09740921697682409,0.15878794410732716,0.22012455178315582,0.2108885669510716
96,0.0046644851578206805,0.0017610153616847938,0.017372011661185367,0.011719009223902826,0.03418069189935309,0.05566520202434668,0.08472960566071303,0.09194711837003358,0.12803676365835553,0.15802417529988771,0.19158797239644262,0.2203119492862741
97,0.005634281533328386,0.0009566594890116276,0.012634257342420397,0.012061982050621199,0.0341806918993539,0.05506713846721526,0.11329040461966194,0.10447248471139264,0.10225708710659752,0.1592005554322885,0.19158953139830576,0.20865492594980287
98,0.0046644851578195225,0.01363163940765521,0.012634257342461826,0.011739074790031629,0.034180691899356574,0.05980489278596612,0.08008968549262292,0.09254518192711392,0.09961030008264653,0.15824840784936792,0.22541475616482362,0.20743662710013436
99,0.005634281533327373,0.0006411073776782623,0.012096071965264722,0.011246779786478586,0.03418069189935519,0.05507511878467668,0.08580968935481399,0.09763935194071469,0.09961030008263047,0.15855683922300404,0.22012455178311888,0.2193852162689371
100,0.005634281533326735,0.04176351448672475,0.012084343648344363,0.011720002936727952,0.034180691899353695,0.060548304479396506,0.07796344850575801,0.09235168392785893,0.09895416405708046,0.15824840784936425,0.1968781767781281,0.20967297989793637
101,0.005634281533328006,0.04146173358353777,0.012645985659363285,0.011695140192765506,0.03418069189935194,0.05506713846719662,0.07985045360211306,0.09254518192712398,0.10369191837587931,0.15761156397492534,0.19687973578000093,0.2087361750044142
102,0.005634281533328935,0.012729701880923781,0.012634257342429902,0.011289720670928217,0.06271727128607381,0.059812873103440994,0.07734753328483636,0.09521572104484503,0.09906427986808437,0.15896257821311457,0.19687817677811922,0.20771360499387473
103,0.005634281533326119,0.029109827915620678,0.012096071965257815,0.024008445262836624,0.03418069189935043,0.05506713846721489,0.08367829811683015,0.09976387084381634,0.09961030008264583,0.15784954119409897,0.19158797239641548,0.20741356032258657
104,0.005634281533330093,0.0011358494585916033,0.012084343648338634,0.024034213145024002,0.03418069189935218,0.055625032478768405,0.07839340706809815,0.0992139571497345,0.09895416405710834,0.18614814336164415,0.19687973577998183,0.2077161804200281
105,0.0056342815333287385,0.012686068995033023,0.012096071965269463,0.011090520355559139,0.03418069189935438,0.05562503247878213,0.10693170453851918,0.09728293624585585,0.09950018427165228,0.1578426688592547,0.19687973578000742,0.21025010307738362
106,0.005634281533327148,0.02973932877543535,0.012084343648317274,0.011245786073641333,0.034180691899356665,0.055673182341810644,0.08578235177881874,0.09175362037072228,0.10434805440140527,0.16973236475851908,0.19158953139831275,0.20823646302033347
107,0.0056342815333283,0.012642134397750752,0.012096071965256057,0.011932572789359868,0.03418069189935368,0.05562503247877423,0.07796360758758619,0.09235168392777743,0.10225708710661038,0.15824840784936478,0.22541631516672245,0.21165211329811606
108,0.004664485157819473,0.0015299104773605723,0.012084343648347146,0.02323618388312026,0.034180691899353556,0.055665202024307955,0.10838875107254503,0.09723478638282351,0.0990642798681109,0.1587879441073324,0.1968797357799849,0.2082836856988944
109,0.005634281533328107,0.0009486791715496852,0.012084343648324393,0.011868484051307629,0.03418069189935333,0.05581853047807148,0.07734066095000867,0.09447620283098107,0.10369191837586884,0.1998596536863097,0.19687817677811603,0.20721837659678097
110,0.0056342815333259785,0.001076327859030844,0.012096071965248962,0.011738081077214215,0.034180691899353736,0.05581055016062067,0.07775499035868218,0.10447248471141703,0.10380203418686332,0.15878794410732405,0.22541475616482642,0.20923178597609252
111,0.005634281533327472,0.0011951079096991716,0.01209607196528171,0.01184941219800404,0.03418069189935291,0.05999839078527254,0.07839340706810617,0.09290159762193374,0.09906427986807717,0.18614814336164726,0.1968797357799951,0.22165888000930278
112,0.0056342815333279336,0.0007922126990292838,0.012084343648335142,0.02383981000749333,0.03418069189935248,0.05506713846720818,0.07836075615915535,0.09976387084386619,0.09751933278781903,0.18710029094457045,0.19687973577998452,0.2087775352298582
113,0.005634281533325666,0.0008361472963113982,0.012634257342452266,0.011675074626615128,0.03418069189935462,0.059804892785961135,0.08365096054084474,0.1214342835290674,0.09751933278783269,0.15856371155784726,0.19158953139829626,0.2224768347020914
114,0.005634281533328052,0.0012984587130415238,0.012096071965283344,0.011134454952805219,0.03418069189935239,0.06036278679752854,0.0851422169856912,0.12088826331452873,0.09906427986809489,0.17067764000659832,0.1915879723964116,0.20793288156733616
115,0.004664485157818102,0.03011252257293528,0.017383739978143128,0.011893346795276849,0.034180691899353195,0.05506713846722249,0.08327100012482223,0.093091202141696,0.09906427986806117,0.17014669416719017,0.1915895313983059,0.20953536742917547
116,0.005634281533327627,0.0005652682114401211,0.01738373997815302,0.011091514068377582,0.034180691899354805,0.05567318234180701,0.08260508675758807,0.0938781392737922,0.09806535300239082,0.1989143784382321,0.19158797239642886,0.2104203920991079
117,0.005634281533326769,0.0013411326802807684,0.017368118181658385,0.011308881098833861,0.03418069189935409,0.055067138467188005,0.082630865331692,0.12088826331452401,0.09751933278783606,0.15802417529988932,0.1915879723964141,0.22444914700900268
118,0.00466448515782016,0.001348586301365505,0.012084343648333043,0.011893346795291328,0.03418069189935333,0.061154348353979975,0.08010531464627431,0.09229964058526816,0.12760085925478934,0.15920227351599925,0.19687973577998322,0.21858637406154238
119,0.005634281533326649,0.029627892261129878,0.012096071965259225,0.01171900922391283,0.03418069189935363,0.05507511878468431,0.0826121181742575,0.0930912021416438,0.10225708710658697,0.15824840784936772,0.19158953139831608,0.22386858766216142
120,0.005634281533326948,0.04101610453001964,0.012634257342431152,0.01130978623705011,0.034180691899355735,0.05981287310344138,0.07734753328486466,0.09447620283095999,0.09950018427165343,0.15824840784936584,0.19687817677811129,0.2089615003394197
121,0.00563428153332852,0.01276190816127103,0.01737984649859086,0.01124677978650677,0.03418069189935376,0.055625032478778515,0.1084145296466385,0.09235168392779064,0.09740921697682577,0.15761156397492757,0.1968797357799854,0.21050472933600275
122,0.004664485157819757,0.013512327969389068,0.012084343648324692,0.011246779786482936,0.06271727128607112,0.05507511878467006,0.0785408588576983,0.0992139571497254,0.0995001842716577,0.15824840784936345,0.19687817677808958,0.20831808846070796
123,0.005634281533327962,0.013323550172309061,0.016822097967099103,0.011245786073642001,0.03418069189935302,0.05567318234178548,0.10587724033674044,0.09249313858452757,0.09895416405710313,0.15897116863167934,0.19687817677809746,0.2099465216243355
124,0.005634281533329263,0.028958310197007796,0.012630363862902946,0.012042910197313265,0.03418069189935115,0.05507511878466436,0.07893800742924215,0.1044724847114145,0.10225708710658146,0.15784954119409764,0.1968781767781092,0.2110830263059861
125,0.004664485157819152,0.013851015975044451,0.012096071965260904,0.011739074790074659,0.03418069189935501,0.055665202024337994,0.11117447613509278,0.09442805296791941,0.10225708710659837,0.1589625782131172,0.19158953139830745,0.2093917323670726
126,0.005634281533326639,0.012487505460762658,0.01263036386287911,0.011913412361452201,0.03418069189935559,0.05526063646650845,0.08475538423482047,0.09290159762192639,0.10214697129560148,0.18679185957093158,0.1915879723964309,0.20970932329600467
127,0.0056342815333284635,0.0004106392744520264,0.012634257342421337,0.011869477764161904,0.06271727128607353,0.05566520202432876,0.07838809373514133,0.1086121754730888,0.09906427986809885,0.1578495411940992,0.1968781767780963,0.2102766037267096
128,0.005634281533328836,0.0004189765236675012,0.016833826284041134,0.01184941219800828,0.034180691899355,0.05561705216129941,0.11179039135601648,0.0950222230455201,0.09740921697683626,0.15824840784936645,0.1915895313982818,0.22140598877427878
129,0.005634281533327581,0.012506577314061209,0.016822097967081465,0.011893346795313668,0.034180691899354514,0.0558105501606207,0.08368361144978322,0.0928977041423602,0.09906427986809661,0.1578426688592487,0.22012611078502703,0.209538079225725
130,0.005634281533325381,0.012937239445507611,0.012645985659373376,0.011071448502245451,0.03418069189935418,0.05507511878465638,0.07986935984138603,0.09289770414237053,0.13079366649332097,0.1585637115578531,0.19687973577999443,0.20945105636061254
131,0.004664485157821109,0.002149580431381291,0.0168220979671178,0.012062975763453708,0.03418069189935351,0.055075118784663306,0.08358495901402316,0.10659700361450726,0.0990642798680971,0.18710200902827975,0.19158953139830354,0.2071072670729986
132,0.005634281533327885,0.0009605529685548709,0.012630363862879043,0.011265851639787609,0.034180691899353965,0.05526063646651726,0.08473491899368563,0.09708943824662943,0.1276008592547909,0.15824840784936833,0.19158953139832463,0.2208044658867805
133,0.00563428153332726,0.0006608160120747594,0.012084343648326787,0.011245786073624909,0.03418069189935106,0.05585870002362898,0.11233858696641437,0.10387442115428948,0.10269299151019184,0.15896257821311316,0.19158953139828583,0.21087727156737168
134,0.004664485157819374,0.0013915271857967437,0.016822097967104165,0.011439284072925899,0.03418069189935477,0.05622309603591498,0.07733910194811422,0.1350815396587,0.09751933278781821,0.1582552801842148,0.19687973577999932,0.21020382732223744
135,0.004664485157819938,0.0021066395469507837,0.012634257342430111,0.011912418648594403,0.0341806918993531,0.05567318234181139,0.08365096054085311,0.09861589359261203,0.12594579636354483,0.15762015439348764,0.19158953139829432,0.22140598877424825
136,0.005634281533326146,0.000652835694612837,0.012630363862909846,0.011850405910863067,0.06271727128607017,0.055075118784658296,0.08063632210114388,0.09235168392779335,0.1036919183758743,0.1589625782131195,0.19687973577998105,0.2189174845296476
137,0.00563428153332798,0.0004106392744520252,0.01208434364833633,0.011458355926238168,0.03418069189935717,0.05506713846720009,0.0830161390806638,0.09502611652508448,0.1322284977625603,0.1587879441073293,0.1915895313983076,0.2205163203771427
138,0.005634281533327676,0.02894721866117083,0.012084343648340906,0.011265851639764015,0.034180691899352,0.05980489278597923,0.08580125801807434,0.09344761783646399,0.09751933278783104,0.15785125927781135,0.1915895313982957,0.22187372051358886
139,0.00563428153332804,0.0007651605282686279,0.012084343648341435,0.01113445495283456,0.06271727128607277,0.055268616783981574,0.08420930557168697,0.09235168392778652,0.10380203418683998,0.17067764000659924,0.19158797239640574,0.20976723517785462
140,0.005634281533327812,0.0006168814147927686,0.012084343648361494,0.011290714383758865,0.03418069189935683,0.055067138467201626,0.07772593469898655,0.1104996709381578,0.1274907434437955,0.15761156397492346,0.1968797357799781,0.2109182998173592
141,0.005634281533326615,0.029630985386196945,0.0120960719652606,0.01191350093605669,0.034180691899356,0.055067138467221166,0.0789106698532506,0.10447248471142301,0.1021469712955992,0.15785125927781,0.19687973577999013,0.21121620889450904
142,0.005634281533326194,0.0011680557389391077,0.0126459856593578,0.011868484051299292,0.034180691899354514,0.059812873103451424,0.07944471461200422,0.12108176131385122,0.09906427986809062,0.17013810374863064,0.196879735779977,0.2080810326917179
143,0.005634281533327083,0.0013331523628187319,0.012630363862882483,0.011720002936773805,0.03418069189935227,0.055268616783970034,0.08051261263825873,0.13300906409813137,0.1022570871066102,0.15856542964156609,0.1968781767781128,0.20801052035819634
144,0.005634281533328756,0.013243963006597973,0.012642092179830004,0.011887644479226404,0.034180691899354354,0.05506713846721279,0.08580281701996928,0.0970894382466155,0.09751933278782068,0.18638612058081772,0.1915879723964105,0.2089585074028161
145,0.005634281533328513,0.01276190816127127,0.012642092179842924,0.011246779786476934,0.03418069189935572,0.05981287310342853,0.0798451402691658,0.09290159762192852,0.12605591217454815,0.15856371155785165,0.19687817677809438,0.2094768349347077
146,0.005634281533328079,0.0003750419263847058,0.012642092179804075,0.011483218670219885,0.03418069189935114,0.055067138467232525,0.07798938616170109,0.0950261165250721,0.10214697129560688,0.1867849872360851,0.19687973577998918,0.2217903383252252
147,0.005634281533328711,0.0011910210717811487,0.016833826284049724,0.011245786073616393,0.03418069189935346,0.05507511878466062,0.11178335993933654,0.10733652182843487,0.098954164057076,0.15802417529988647,0.19158797239642258,0.2081530808320535
148,0.005634281533327652,0.0008234252665249185,0.012096071965251566,0.01167606833947766,0.03418069189935623,0.055665202024336204,0.0857770384458509,0.09230353406484253,0.13288463378812157,0.15761843630977287,0.19158797239641256,0.2197526439667255
149,0.005634281533328015,0.0009277099071095756,0.012084343648342278,0.02420764557820388,0.034180691899352966,0.05507511878465694,0.08327100012482236,0.12301278221762517,0.10269299151016906,0.1582569982679214,0.1915895313983014,0.209066905130167
150,0.005634281533326045,0.012751810338285893,0.017383739978127342,0.011868484051306614,0.06271727128607002,0.05566520202435312,0.08300926674582351,0.0938781392738659,0.09795523719137363,0.15856371155785448,0.19158953139830048,0.20898332462131297
151,0.005634281533325668,0.0009137186045806675,0.01263425734244305,0.01191241864857353,0.03418069189935346,0.055067138467182745,0.08325537097117418,0.09708943824654866,0.09751933278785624,0.18678498723608034,0.1915879723964105,0.2234203918664709
152,0.005634281533326851,0.0004227245231405344,0.01682209796710597,0.01143928407293382,0.06271727128607202,0.05507511878467811,0.07775499035867701,0.09502611652505787,0.0974092169768283,0.17090874489092067,0.19687817677811062,0.20991197630314826
153,0.004664485157819638,0.0017751435015855225,0.01209607196528271,0.011090520355522293,0.03418069189935482,0.059804892785973236,0.11276323219577616,0.09254518192714337,0.0975193327878258,0.1585654296415631,0.19158953139828863,0.22340548638386465
154,0.00466448515782197,0.014010665587192803,0.012096071965253283,0.011894340508139183,0.03418069189935185,0.05506713846722421,0.11431893116554652,0.09309509562122843,0.10225708710660868,0.15878794410732958,0.19158953139829582,0.2080380170160077
155,0.00466448515781914,0.001794215354883762,0.012096071965273408,0.023192249285857128,0.03418069189935195,0.055067138467197414,0.07771906236413222,0.0997638708438045,0.12814687946938924,0.15762015439349028,0.1968797357799931,0.2088754450188078
156,0.005634281533327848,0.000604048699135934,0.016822097967095998,0.011675074626623793,0.03418069189935533,0.05581055016062954,0.08010687364816306,0.09235168392781391,0.09751933278779504,0.15825699826792372,0.2254147561648163,0.22162361031731959
157,0.005634281533327961,0.0006050424119873701,0.016822097967094468,0.0233857472851458,0.03418069189935102,0.05561705216129688,0.07771906236413241,0.12301278221767259,0.0996103000826672,0.157849541194099,0.19687973577999746,0.20868366510322778
158,0.004664485157821337,0.001897506282617065,0.016822097967111566,0.011893346795283996,0.03418069189935054,0.05526861678397519,0.08368517045168565,0.10501850492594259,0.0989541640571017,0.18637924824596935,0.19158797239641653,0.2096481950367244
159,0.005634281533325345,0.0013103325100472412,0.01737984649861261,0.011134454952804278,0.03418069189935522,0.05506713846719799,0.08365096054081927,0.10466598271070833,0.12605591217454126,0.15762015439349078,0.19158953139832002,0.21171071292077767
160,0.005634281533325652,0.02931607005596125,0.012096071965276557,0.011116376812366545,0.0341806918993525,0.055665202024317205,0.08303660432180396,0.09230353406476363,0.10369191837588579,0.15761843630977693,0.19158797239642059,0.22375284024074948
